0 0.861489297185041
1 0.8612648869118871
2 0.8612648848681753
3 0.8612648848681753
4 0.8612648848681753
5 0.8612648848681753
6 0.8612648848681753
7 0.8612648848681753
8 0.8612648848681753
9 0.8612648848681753
10 0.8612648848681753
11 0.8612648848681753
12 0.8612648848681753
13 0.8612648848681753
14 0.8612648848681753
15 0.8612648848681753
16 0.8612648848681753
17 0.8612648848681753
18 0.8612648848681753
19 0.8612648848681753
20 0.8612648848681753
21 0.8612648848681753
22 0.8612648848681753
23 0.8612648848681753
24 0.8612648848681753
25 0.8612648848681753
26 0.8612648848681753
27 0.8612648848681753
28 0.8612648848681753
29 0.8612648848681753
30 0.8612648848681753
31 0.8612648848681753
32 0.8612648848681753
33 0.8612648848681753
34 0.8612648848681753
35 0.8612648848681753
36 0.8612648848681753
37 0.8612648848681753
38 0.8612648848681753
39 0.8612648848681753
40 0.8612648848681753
41 0.8612648848681753
42 0.8612648848681753
43 0.8612648848681753
44 0.8612648848681753
45 0.8612648848681753
46 0.8612648848681753
47 0.8612648848681753
48 0.8612648848681753
49 0.8612648848681753
50 0.8612648848681753
51 0.8612648848681753
52 0.8612648848681753
53 0.8612648848681753
54 0.8612648848681753
55 0.8612648848681753
56 0.8612648848681753
57 0.8612648848681753
58 0.8612648848681753
59 0.8612648848681753
60 0.8612648848681753
61 0.8612648848681753
62 0.8612648848681753
63 0.8612648848681753
64 0.8612648848681753
65 0.8612648848681753
66 0.8612648848681753
67 0.8612648848681753
68 0.8612648848681753
69 0.8612648848681753
70 0.8612648848681753
71 0.8612648848681753
72 0.8612648848681753
73 0.8612648848681753
74 0.8612648848681753
75 0.8612648848681753
76 0.8612648848681753
77 0.8612648848681753
78 0.8612648848681753
79 0.8612648848681753
80 0.8612648848681753
81 0.8612648848681753
82 0.8612648848681753
83 0.8612648848681753
84 0.8612648848681753
85 0.8612648848681753
86 0.8612648848681753
87 0.8612648848681753
88 0.8612648848681753
89 0.8612648848681753
90 0.8612648848681753
91 0.8612648848681753
92 0.8612648848681753
93 0.8612648848681753
94 0.8612648848681753
95 0.8612648848681753
96 0.8612648848681753
97 0.8612648848681753
98 0.8612648848681753
99 0.8612648848681753
