0 0.9501138330273559
1 0.947828704438567
2 0.9478282237996115
3 0.9478282237995903
4 0.9478282237995903
5 0.9478282237995903
6 0.9478282237995903
7 0.9478282237995903
8 0.9478282237995903
9 0.9478282237995903
10 0.9478282237995903
11 0.9478282237995903
12 0.9478282237995903
13 0.9478282237995903
14 0.9478282237995903
15 0.9478282237995903
16 0.9478282237995903
17 0.9478282237995903
18 0.9478282237995903
19 0.9478282237995903
20 0.9478282237995903
21 0.9478282237995903
22 0.9478282237995903
23 0.9478282237995903
24 0.9478282237995903
25 0.9478282237995903
26 0.9478282237995903
27 0.9478282237995903
28 0.9478282237995903
29 0.9478282237995903
30 0.9478282237995903
31 0.9478282237995903
32 0.9478282237995903
33 0.9478282237995903
34 0.9478282237995903
35 0.9478282237995903
36 0.9478282237995903
37 0.9478282237995903
38 0.9478282237995903
39 0.9478282237995903
40 0.9478282237995903
41 0.9478282237995903
42 0.9478282237995903
43 0.9478282237995903
44 0.9478282237995903
45 0.9478282237995903
46 0.9478282237995903
47 0.9478282237995903
48 0.9478282237995903
49 0.9478282237995903
50 0.9478282237995903
51 0.9478282237995903
52 0.9478282237995903
53 0.9478282237995903
54 0.9478282237995903
55 0.9478282237995903
56 0.9478282237995903
57 0.9478282237995903
58 0.9478282237995903
59 0.9478282237995903
60 0.9478282237995903
61 0.9478282237995903
62 0.9478282237995903
63 0.9478282237995903
64 0.9478282237995903
65 0.9478282237995903
66 0.9478282237995903
67 0.9478282237995903
68 0.9478282237995903
69 0.9478282237995903
70 0.9478282237995903
71 0.9478282237995903
72 0.9478282237995903
73 0.9478282237995903
74 0.9478282237995903
75 0.9478282237995903
76 0.9478282237995903
77 0.9478282237995903
78 0.9478282237995903
79 0.9478282237995903
80 0.9478282237995903
81 0.9478282237995903
82 0.9478282237995903
83 0.9478282237995903
84 0.9478282237995903
85 0.9478282237995903
86 0.9478282237995903
87 0.9478282237995903
88 0.9478282237995903
89 0.9478282237995903
90 0.9478282237995903
91 0.9478282237995903
92 0.9478282237995903
93 0.9478282237995903
94 0.9478282237995903
95 0.9478282237995903
96 0.9478282237995903
97 0.9478282237995903
98 0.9478282237995903
99 0.9478282237995903
