0 1.332316324075475
1 1.263068134718729
2 1.261703578393204
3 1.261703055253178
4 1.261703055253102
5 1.261703055253102
6 1.261703055253102
7 1.261703055253102
8 1.261703055253102
9 1.261703055253102
10 1.261703055253102
11 1.261703055253102
12 1.261703055253102
13 1.261703055253102
14 1.261703055253102
15 1.261703055253102
16 1.261703055253102
17 1.261703055253102
18 1.261703055253102
19 1.261703055253102
20 1.261703055253102
21 1.261703055253102
22 1.261703055253102
23 1.261703055253102
24 1.261703055253102
25 1.261703055253102
26 1.261703055253102
27 1.261703055253102
28 1.261703055253102
29 1.261703055253102
30 1.261703055253102
31 1.261703055253102
32 1.261703055253102
33 1.261703055253102
34 1.261703055253102
35 1.261703055253102
36 1.261703055253102
37 1.261703055253102
38 1.261703055253102
39 1.261703055253102
40 1.261703055253102
41 1.261703055253102
42 1.261703055253102
43 1.261703055253102
44 1.261703055253102
45 1.261703055253102
46 1.261703055253102
47 1.261703055253102
48 1.261703055253102
49 1.261703055253102
50 1.261703055253102
51 1.261703055253102
52 1.261703055253102
53 1.261703055253102
54 1.261703055253102
55 1.261703055253102
56 1.261703055253102
57 1.261703055253102
58 1.261703055253102
59 1.261703055253102
60 1.261703055253102
61 1.261703055253102
62 1.261703055253102
63 1.261703055253102
64 1.261703055253102
65 1.261703055253102
66 1.261703055253102
67 1.261703055253102
68 1.261703055253102
69 1.261703055253102
70 1.261703055253102
71 1.261703055253102
72 1.261703055253102
73 1.261703055253102
74 1.261703055253102
75 1.261703055253102
76 1.261703055253102
77 1.261703055253102
78 1.261703055253102
79 1.261703055253102
80 1.261703055253102
81 1.261703055253102
82 1.261703055253102
83 1.261703055253102
84 1.261703055253102
85 1.261703055253102
86 1.261703055253102
87 1.261703055253102
88 1.261703055253102
89 1.261703055253102
90 1.261703055253102
91 1.261703055253102
92 1.261703055253102
93 1.261703055253102
94 1.261703055253102
95 1.261703055253102
96 1.261703055253102
97 1.261703055253102
98 1.261703055253102
99 1.261703055253102
