0 2.08787672949927
1 1.652852508165904
2 1.587022919412162
3 1.585315014592841
4 1.585313861354734
5 1.585313861354208
6 1.585313861354208
7 1.585313861354208
8 1.585313861354208
9 1.585313861354208
10 1.585313861354208
11 1.585313861354208
12 1.585313861354208
13 1.585313861354208
14 1.585313861354208
15 1.585313861354208
16 1.585313861354208
17 1.585313861354208
18 1.585313861354208
19 1.585313861354208
20 1.585313861354208
21 1.585313861354208
22 1.585313861354208
23 1.585313861354208
24 1.585313861354208
25 1.585313861354208
26 1.585313861354208
27 1.585313861354208
28 1.585313861354208
29 1.585313861354208
30 1.585313861354208
31 1.585313861354208
32 1.585313861354208
33 1.585313861354208
34 1.585313861354208
35 1.585313861354208
36 1.585313861354208
37 1.585313861354208
38 1.585313861354208
39 1.585313861354208
40 1.585313861354208
41 1.585313861354208
42 1.585313861354208
43 1.585313861354208
44 1.585313861354208
45 1.585313861354208
46 1.585313861354208
47 1.585313861354208
48 1.585313861354208
49 1.585313861354208
50 1.585313861354208
51 1.585313861354208
52 1.585313861354208
53 1.585313861354208
54 1.585313861354208
55 1.585313861354208
56 1.585313861354208
57 1.585313861354208
58 1.585313861354208
59 1.585313861354208
60 1.585313861354208
61 1.585313861354208
62 1.585313861354208
63 1.585313861354208
64 1.585313861354208
65 1.585313861354208
66 1.585313861354208
67 1.585313861354208
68 1.585313861354208
69 1.585313861354208
70 1.585313861354208
71 1.585313861354208
72 1.585313861354208
73 1.585313861354208
74 1.585313861354208
75 1.585313861354208
76 1.585313861354208
77 1.585313861354208
78 1.585313861354208
79 1.585313861354208
80 1.585313861354208
81 1.585313861354208
82 1.585313861354208
83 1.585313861354208
84 1.585313861354208
85 1.585313861354208
86 1.585313861354208
87 1.585313861354208
88 1.585313861354208
89 1.585313861354208
90 1.585313861354208
91 1.585313861354208
92 1.585313861354208
93 1.585313861354208
94 1.585313861354208
95 1.585313861354208
96 1.585313861354208
97 1.585313861354208
98 1.585313861354208
99 1.585313861354208
