1.839071529076455
1.839071529076449
1.839071529076449
1.839071529076452
1.839071529076455
1.839071529076448
1.839071529076454
1.839071529076461
1.839071529076457
1.839071529076453
1.839071529076456
1.839071529076453
1.839071529076458
1.839071529076446
1.839071529076451
1.839071529076455
1.839071529076452
1.839071529076452
1.839071529076451
1.839071529076453
1.839071529076453
1.839071529076452
1.83907152907645
1.839071529076452
1.839071529076453
1.839071529076448
1.839071529076445
1.839071529076456
1.839071529076452
1.839071529076452
1.839071529076461
1.839071529076454
1.839071529076459
1.839071529076454
1.839071529076456
1.839071529076449
1.839071529076455
1.839071529076452
1.839071529076453
1.839071529076448
1.839071529076453
1.839071529076455
1.839071529076454
1.839071529076448
1.839071529076448
1.839071529076459
1.83907152907645
1.839071529076451
1.839071529076458
1.839071529076458
1.839071529076449
1.839071529076449
1.839071529076451
1.839071529076451
1.839071529076453
1.839071529076454
1.83907152907645
1.839071529076448
1.839071529076457
1.839071529076452
1.839071529076447
1.839071529076455
1.839071529076454
1.839071529076456
1.839071529076449
1.839071529076455
1.839071529076448
1.839071529076453
1.839071529076457
1.83907152907645
1.839071529076449
1.83907152907645
1.839071529076455
1.839071529076448
1.83907152907645
1.839071529076452
1.839071529076449
1.839071529076454
1.839071529076452
1.839071529076453
1.839071529076453
1.839071529076456
1.83907152907645
1.839071529076455
1.839071529076454
1.839071529076453
1.839071529076457
1.839071529076449
1.839071529076446
1.839071529076445
1.83907152907645
1.839071529076452
1.839071529076454
1.839071529076448
1.839071529076452
1.839071529076455
1.839071529076452
1.839071529076452
1.839071529076451
1.839071529076457
1.839071529076449
1.839071529076455
1.839071529076456
1.839071529076452
1.839071529076453
1.839071529076454
1.839071529076452
1.839071529076452
1.83907152907645
1.839071529076455
1.839071529076447
1.839071529076453
1.839071529076453
1.839071529076449
1.839071529076454
1.839071529076454
1.83907152907645
1.839071529076451
1.839071529076449
1.839071529076452
1.839071529076456
1.839071529076452
1.839071529076452
1.839071529076453
1.839071529076451
1.839071529076453
1.839071529076453
1.83907152907645
1.83907152907645
1.839071529076453
1.839071529076444
1.839071529076451
1.839071529076449
1.839071529076453
1.839071529076452
1.839071529076454
1.839071529076455
1.839071529076449
1.839071529076452
1.839071529076453
1.83907152907645
1.839071529076452
1.83907152907645
1.839071529076453
1.839071529076456
1.839071529076453
1.839071529076455
1.839071529076453
1.83907152907645
1.839071529076452
1.839071529076445
1.839071529076451
1.83907152907645
1.839071529076453
1.839071529076452
1.839071529076455
1.839071529076448
1.839071529076455
1.839071529076453
1.839071529076453
1.83907152907645
1.839071529076454
1.839071529076452
1.839071529076451
1.839071529076452
1.839071529076451
1.839071529076454
1.839071529076455
1.839071529076457
1.839071529076455
1.839071529076453
1.839071529076452
1.839071529076459
1.839071529076453
1.839071529076449
1.839071529076455
1.839071529076453
1.839071529076453
1.839071529076451
1.839071529076456
1.83907152907646
1.839071529076455
1.839071529076453
1.839071529076453
1.839071529076452
1.839071529076455
1.83907152907645
1.839071529076453
1.839071529076455
1.839071529076453
1.839071529076449
1.839071529076456
1.839071529076455
1.839071529076456
1.839071529076453
1.839071529076456
1.839071529076452
1.839071529076454
1.839071529076454
1.839071529076453
1.839071529076452
1.839071529076451
1.839071529076455
1.839071529076454
1.839071529076452
1.839071529076449
1.839071529076455
1.839071529076454
1.839071529076453
1.83907152907645
1.839071529076452
1.839071529076453
1.839071529076451
1.83907152907645
1.839071529076451
1.839071529076452
1.839071529076455
1.839071529076454
1.839071529076455
1.839071529076452
1.839071529076454
1.839071529076451
1.839071529076455
1.839071529076454
1.839071529076452
1.839071529076452
1.839071529076454
1.839071529076451
1.839071529076451
1.839071529076453
1.839071529076454
1.83907152907645
1.839071529076453
1.839071529076452
1.83907152907645
1.839071529076452
1.839071529076454
1.839071529076453
1.839071529076451
1.839071529076451
1.839071529076451
1.839071529076452
1.839071529076451
1.839071529076452
1.839071529076449
1.839071529076452
1.839071529076453
1.839071529076455
1.839071529076452
1.839071529076451
1.839071529076452
1.839071529076453
1.839071529076449
1.839071529076452
1.839071529076452
1.839071529076451
1.839071529076449
1.839071529076451
1.83907152907645
1.839071529076453
1.839071529076455
1.839071529076451
1.839071529076451
1.839071529076455
1.839071529076452
1.839071529076453
1.839071529076454
1.839071529076454
1.839071529076452
1.839071529076452
1.839071529076453
1.839071529076451
1.839071529076451
1.839071529076453
1.839071529076454
1.839071529076453
1.839071529076452
1.839071529076455
1.839071529076451
1.839071529076453
1.839071529076452
1.839071529076454
1.839071529076452
1.839071529076454
1.839071529076453
1.839071529076453
1.839071529076454
1.839071529076453
1.839071529076449
1.839071529076453
1.839071529076453
1.839071529076451
1.839071529076454
1.839071529076452
1.839071529076451
1.839071529076452
1.839071529076452
1.839071529076453
1.839071529076453
1.839071529076452
1.839071529076452
1.839071529076452
1.839071529076453
1.839071529076454
1.839071529076454
1.839071529076454
1.839071529076455
1.839071529076452
1.839071529076452
1.83907152907645
1.839071529076451
1.839071529076452
1.839071529076453
1.83907152907645
1.839071529076452
1.839071529076454
1.839071529076452
1.839071529076452
1.839071529076452
1.839071529076455
1.839071529076451
1.839071529076454
1.839071529076454
1.839071529076453
1.839071529076452
1.839071529076451
1.839071529076453
1.839071529076451
1.839071529076451
1.839071529076453
1.839071529076452
1.839071529076453
1.839071529076451
1.839071529076451
1.839071529076451
1.839071529076453
1.839071529076452
1.839071529076452
1.839071529076454
1.839071529076454
1.839071529076454
1.839071529076452
1.839071529076452
1.839071529076454
1.839071529076452
1.839071529076451
1.839071529076452
1.839071529076453
1.839071529076451
1.839071529076453
1.839071529076453
1.839071529076454
1.839071529076452
1.839071529076453
1.839071529076453
1.839071529076453
1.839071529076453
1.839071529076453
1.839071529076451
1.839071529076453
1.839071529076453
1.839071529076454
1.839071529076451
1.839071529076454
1.839071529076452
1.839071529076453
1.839071529076453
1.839071529076453
1.839071529076453
1.839071529076455
1.839071529076453
1.839071529076453
1.839071529076453
1.839071529076452
1.839071529076455
1.839071529076454
1.839071529076453
1.839071529076454
1.839071529076453
1.839071529076453
1.839071529076453
1.839071529076455
1.839071529076454
1.839071529076453
1.839071529076453
1.839071529076454
1.839071529076454
1.839071529076455
1.839071529076456
1.839071529076455
1.839071529076455
1.839071529076455
1.839071529076454
1.839071529076455
1.839071529076454
1.839071529076456
1.839071529076454
1.839071529076457
1.839071529076456
1.839071529076457
1.839071529076457
1.839071529076455
1.839071529076457
1.839071529076457
1.839071529076459
1.839071529076457
1.839071529076458
1.839071529076459
1.839071529076458
1.839071529076458
1.839071529076459
1.839071529076458
1.839071529076459
1.83907152907646
1.839071529076461
1.839071529076461
1.839071529076461
1.839071529076462
1.839071529076463
1.839071529076463
1.839071529076463
1.839071529076464
1.839071529076465
1.839071529076466
1.839071529076466
1.839071529076467
1.839071529076469
1.839071529076469
1.839071529076469
1.839071529076471
1.839071529076473
1.839071529076471
1.839071529076475
1.839071529076475
1.839071529076477
1.839071529076478
1.839071529076479
1.839071529076481
1.839071529076481
1.839071529076484
1.839071529076486
1.839071529076488
1.83907152907649
1.839071529076492
1.839071529076494
1.839071529076497
1.8390715290765
1.839071529076501
1.839071529076505
1.839071529076507
1.839071529076512
1.839071529076513
1.839071529076517
1.839071529076522
1.839071529076522
1.839071529076529
1.839071529076533
1.83907152907654
1.839071529076542
1.839071529076547
1.839071529076553
1.839071529076559
1.839071529076564
1.839071529076569
1.83907152907658
1.839071529076585
1.839071529076591
1.839071529076603
1.83907152907661
1.839071529076619
1.839071529076625
1.839071529076634
1.83907152907665
1.83907152907666
1.839071529076671
1.83907152907668
1.839071529076691
1.839071529076703
1.839071529076729
1.839071529076744
1.839071529076757
1.839071529076773
1.839071529076791
1.839071529076807
1.839071529076827
1.839071529076846
1.839071529076868
1.83907152907689
1.839071529076914
1.839071529076941
1.839071529076967
1.839071529076997
1.839071529077028
1.839071529077061
1.839071529077096
1.839071529077134
1.839071529077174
1.839071529077216
1.839071529077263
1.839071529077313
1.839071529077365
1.839071529077422
1.839071529077483
1.839071529077547
1.839071529077618
1.839071529077618
1.839071529077694
1.839071529077775
1.839071529077863
1.839071529077958
1.839071529078059
1.839071529078169
1.839071529078169
1.839071529078289
1.839071529078418
1.839071529078557
1.839071529078708
1.839071529078708
1.839071529078872
1.83907152907905
1.839071529079244
1.839071529079244
1.839071529079455
1.839071529079684
1.839071529079934
1.839071529079934
1.839071529080207
1.839071529080505
1.839071529080833
1.839071529080833
1.839071529081189
1.839071529081581
1.839071529081581
1.839071529082011
1.839071529082484
1.839071529082484
1.839071529083005
1.839071529083578
1.839071529083578
1.839071529084212
1.839071529084911
1.839071529084911
1.839071529085686
1.839071529086544
1.839071529086544
1.839071529087497
1.839071529087497
1.839071529088557
1.839071529089739
1.839071529089739
1.839071529091055
1.839071529091055
1.839071529092526
1.839071529092526
1.839071529094176
1.839071529096023
1.839071529096023
1.839071529098101
1.839071529098101
1.83907152910044
1.83907152910044
1.839071529103079
1.839071529103079
1.839071529106064
1.839071529106064
1.839071529109445
1.839071529109445
1.839071529113287
1.839071529113287
1.83907152911766
1.83907152911766
1.839071529122652
1.839071529122652
1.839071529128363
1.839071529128363
1.839071529134915
1.839071529134915
1.839071529142453
1.839071529142453
1.839071529142453
1.839071529151149
1.839071529151149
1.839071529161212
1.839071529161212
1.839071529172893
1.839071529172893
1.839071529172893
1.839071529186496
1.839071529186496
1.839071529202389
1.839071529202389
1.839071529202389
1.839071529221029
1.839071529221029
1.839071529242966
1.839071529242966
1.839071529242966
1.839071529268888
1.839071529268888
1.839071529299641
1.839071529299641
1.839071529299641
1.839071529336284
1.839071529336284
1.839071529336284
1.839071529380143
1.839071529380143
1.839071529380143
1.839071529432885
1.839071529432885
1.839071529432885
1.839071529496632
1.839071529496632
1.839071529496632
1.839071529574084
1.839071529574084
1.839071529574084
1.839071529668715
1.839071529668715
1.839071529668715
1.839071529785022
1.839071529785022
1.839071529785022
1.839071529785022
1.839071529928871
1.839071529928871
1.839071529928871
1.839071530107971
1.839071530107971
1.839071530107971
1.839071530107971
1.839071530332553
1.839071530332553
1.839071530332553
1.839071530616307
1.839071530616307
1.839071530616307
1.839071530616307
1.839071530977737
1.839071530977737
1.839071530977737
1.839071530977737
1.83907153144213
1.83907153144213
1.83907153144213
1.83907153144213
1.839071532044408
1.839071532044408
1.839071532044408
1.839071532044408
1.839071532833411
1.839071532833411
1.839071532833411
1.839071532833411
1.839071532833411
1.839071533878327
1.839071533878327
1.839071533878327
1.839071533878327
1.839071535278571
1.839071535278571
1.839071535278571
1.839071535278571
1.839071535278571
1.839071537179189
1.839071537179189
1.839071537179189
1.839071537179189
1.839071537179189
1.839071539795374
1.839071539795374
1.839071539795374
1.839071539795374
1.839071539795374
1.839071539795374
1.839071543452252
1.839071543452252
1.839071543452252
1.839071543452252
1.839071543452252
1.839071548650997
1.839071548650997
1.839071548650997
1.839071548650997
1.839071548650997
1.839071548650997
1.839071556181396
1.839071556181396
1.839071556181396
1.839071556181396
1.839071556181396
1.839071556181396
1.839071567318934
1.839071567318934
1.839071567318934
1.839071567318934
1.839071567318934
1.839071567318934
1.839071567318934
1.83907158418054
1.83907158418054
1.83907158418054
1.83907158418054
1.83907158418054
1.83907158418054
1.83907158418054
1.839071610389135
1.839071610389135
1.839071610389135
1.839071610389135
1.839071610389135
1.839071610389135
1.839071610389135
1.839071652363916
1.839071652363916
1.839071652363916
1.839071652363916
1.839071652363916
1.839071652363916
1.839071652363916
1.839071652363916
1.839071721937802
1.839071721937802
1.839071721937802
1.839071721937802
1.839071721937802
1.839071721937802
1.839071721937802
1.839071721937802
1.839071721937802
1.839071841940756
1.839071841940756
1.839071841940756
1.839071841940756
1.839071841940756
1.839071841940756
1.839071841940756
1.839071841940756
1.839071841940756
1.839072058823639
1.839072058823639
1.839072058823639
1.839072058823639
1.839072058823639
1.839072058823639
1.839072058823639
1.839072058823639
1.839072058823639
1.839072058823639
1.839072058823639
1.83907247321988
1.83907247321988
1.83907247321988
1.83907247321988
1.83907247321988
1.83907247321988
1.83907247321988
1.83907247321988
1.83907247321988
1.83907247321988
1.83907247321988
1.839073320217727
1.839073320217727
1.839073320217727
1.839073320217727
1.839073320217727
1.839073320217727
1.839073320217727
1.839073320217727
1.839073320217727
1.839073320217727
1.839073320217727
1.839073320217727
1.839073320217727
1.839075202178396
1.839075202178396
1.839075202178396
1.839075202178396
1.839075202178396
1.839075202178396
1.839075202178396
1.839075202178396
1.839075202178396
1.839075202178396
1.839075202178396
1.839075202178396
1.839075202178396
1.839075202178396
1.839079852891849
1.839079852891849
1.839079852891849
1.839079852891849
1.839079852891849
1.839079852891849
1.839079852891849
1.839079852891849
1.839079852891849
1.839079852891849
1.839079852891849
1.839079852891849
1.839079852891849
1.839079852891849
1.839079852891849
1.839079852891849
1.839079852891849
1.839093079580278
1.839093079580278
1.839093079580278
1.839093079580278
1.839093079580278
1.839093079580278
1.839093079580278
1.839093079580278
1.839093079580278
1.839093079580278
1.839093079580278
1.839093079580278
1.839093079580278
1.839093079580278
1.839093079580278
1.839093079580278
1.839093079580278
1.839093079580278
1.839093079580278
1.839093079580278
1.839138819899919
1.839138819899919
1.839138819899919
1.839138819899919
1.839138819899919
1.839138819899919
1.839138819899919
1.839138819899919
1.839138819899919
1.839138819899919
1.839138819899919
1.839138819899919
1.839138819899919
1.839138819899919
1.839138819899919
1.839138819899919
1.839138819899919
1.839138819899919
1.839138819899919
1.839138819899919
1.839138819899919
1.839138819899919
1.839138819899919
1.839138819899919
1.839351174833586
1.839351174833586
1.839351174833586
1.839351174833586
1.839351174833586
1.839351174833586
1.839351174833586
1.839351174833586
1.839351174833586
1.839351174833586
1.839351174833586
1.839351174833586
1.839351174833586
1.839351174833586
1.839351174833586
1.839351174833586
1.839351174833586
1.839351174833586
1.839351174833586
1.839351174833586
1.839351174833586
1.839351174833586
1.839351174833586
1.839351174833586
1.839351174833586
1.839351174833586
1.839351174833586
1.839351174833586
1.839351174833586
1.839351174833586
1.839351174833586
1.840995454738908
1.840995454738908
1.840995454738908
1.840995454738908
1.840995454738908
1.840995454738908
1.840995454738908
1.840995454738908
1.840995454738908
1.840995454738908
1.840995454738908
1.840995454738908
1.840995454738908
1.840995454738908
1.840995454738908
1.840995454738908
1.840995454738908
1.840995454738908
1.840995454738908
1.840995454738908
1.840995454738908
1.840995454738908
1.840995454738908
1.840995454738908
1.840995454738908
1.840995454738908
1.840995454738908
1.840995454738908
1.840995454738908
1.840995454738908
1.840995454738908
1.840995454738908
1.840995454738908
1.840995454738908
1.840995454738908
1.840995454738908
1.840995454738908
1.840995454738908
1.840995454738908
1.840995454738908
1.840995454738908
1.840995454738908
1.840995454738908
1.840995454738908
1.888158862479501
1.888158862479501
1.888158862479501
1.888158862479501
1.888158862479501
1.888158862479501
1.888158862479501
1.888158862479501
1.888158862479501
1.888158862479501
1.888158862479501
1.888158862479501
1.888158862479501
1.888158862479501
1.888158862479501
1.888158862479501
1.888158862479501
1.888158862479501
1.888158862479501
1.888158862479501
1.888158862479501
1.888158862479501
1.888158862479501
1.888158862479501
1.888158862479501
1.888158862479501
1.888158862479501
1.888158862479501
1.888158862479501
1.888158862479501
1.888158862479501
1.888158862479501
1.888158862479501
1.888158862479501
1.888158862479501
1.888158862479501
1.888158862479501
1.888158862479501
1.888158862479501
1.888158862479501
1.888158862479501
1.888158862479501
1.888158862479501
1.888158862479501
1.888158862479501
1.888158862479501
1.888158862479501
1.888158862479501
1.888158862479501
1.888158862479501
1.888158862479501
1.888158862479501
1.888158862479501
1.888158862479501
1.888158862479501
1.888158862479501
1.888158862479501
1.888158862479501
1.888158862479501
1.888158862479501
1.888158862479501
1.888158862479501
1.888158862479501
1.888158862479501
1.888158862479501
1.888158862479501
1.888158862479501
1.888158862479501
1.888158862479501
1.888158862479501
1.888158862479501
1.888158862479501
1.888158862479501
1.888158862479501
1.888158862479501
1.888158862479501
