1.839071529076455
1.839071529076449
1.839071529076449
1.839071529076453
1.839071529076455
1.839071529076449
1.839071529076454
1.83907152907646
1.839071529076457
1.839071529076454
1.839071529076457
1.839071529076453
1.839071529076459
1.839071529076447
1.839071529076451
1.839071529076455
1.839071529076452
1.839071529076452
1.839071529076451
1.839071529076453
1.839071529076453
1.839071529076452
1.839071529076451
1.839071529076453
1.839071529076453
1.839071529076448
1.839071529076445
1.839071529076456
1.839071529076451
1.839071529076452
1.83907152907646
1.839071529076455
1.839071529076459
1.839071529076454
1.839071529076455
1.839071529076449
1.839071529076455
1.839071529076452
1.839071529076454
1.839071529076448
1.839071529076453
1.839071529076455
1.839071529076454
1.839071529076449
1.839071529076449
1.839071529076459
1.839071529076451
1.839071529076451
1.839071529076457
1.839071529076459
1.839071529076449
1.839071529076449
1.839071529076452
1.839071529076451
1.839071529076453
1.839071529076454
1.83907152907645
1.839071529076449
1.839071529076457
1.839071529076453
1.839071529076447
1.839071529076455
1.839071529076454
1.839071529076457
1.839071529076449
1.839071529076455
1.839071529076448
1.839071529076453
1.839071529076456
1.83907152907645
1.839071529076449
1.83907152907645
1.839071529076455
1.839071529076448
1.83907152907645
1.839071529076452
1.83907152907645
1.839071529076455
1.839071529076452
1.839071529076453
1.839071529076452
1.839071529076456
1.83907152907645
1.839071529076455
1.839071529076454
1.839071529076453
1.839071529076456
1.839071529076449
1.839071529076446
1.839071529076445
1.839071529076449
1.839071529076452
1.839071529076454
1.839071529076448
1.839071529076453
1.839071529076455
1.839071529076452
1.839071529076452
1.839071529076451
1.839071529076458
1.83907152907645
1.839071529076455
1.839071529076456
1.839071529076452
1.839071529076453
1.839071529076454
1.839071529076453
1.839071529076452
1.839071529076451
1.839071529076455
1.839071529076448
1.839071529076454
1.839071529076453
1.839071529076449
1.839071529076454
1.839071529076454
1.83907152907645
1.839071529076451
1.83907152907645
1.839071529076451
1.839071529076457
1.839071529076452
1.839071529076453
1.839071529076453
1.839071529076451
1.839071529076453
1.839071529076454
1.83907152907645
1.83907152907645
1.839071529076453
1.839071529076445
1.839071529076452
1.839071529076449
1.839071529076454
1.839071529076452
1.839071529076454
1.839071529076456
1.839071529076449
1.839071529076452
1.839071529076453
1.83907152907645
1.839071529076452
1.83907152907645
1.839071529076453
1.839071529076456
1.839071529076453
1.839071529076455
1.839071529076453
1.839071529076451
1.839071529076452
1.839071529076445
1.839071529076451
1.83907152907645
1.839071529076453
1.839071529076452
1.839071529076455
1.839071529076448
1.839071529076454
1.839071529076453
1.839071529076453
1.83907152907645
1.839071529076454
1.839071529076453
1.839071529076451
1.839071529076453
1.839071529076451
1.839071529076454
1.839071529076455
1.839071529076457
1.839071529076455
1.839071529076453
1.839071529076452
1.839071529076459
1.839071529076453
1.839071529076448
1.839071529076455
1.839071529076454
1.839071529076454
1.839071529076451
1.839071529076455
1.83907152907646
1.839071529076455
1.839071529076454
1.839071529076453
1.839071529076452
1.839071529076455
1.839071529076451
1.839071529076453
1.839071529076455
1.839071529076453
1.83907152907645
1.839071529076456
1.839071529076455
1.839071529076456
1.839071529076453
1.839071529076455
1.839071529076452
1.839071529076454
1.839071529076454
1.839071529076453
1.839071529076452
1.839071529076451
1.839071529076456
1.839071529076454
1.839071529076453
1.839071529076449
1.839071529076455
1.839071529076454
1.839071529076453
1.83907152907645
1.839071529076452
1.839071529076453
1.839071529076451
1.839071529076451
1.839071529076451
1.839071529076452
1.839071529076455
1.839071529076454
1.839071529076455
1.839071529076452
1.839071529076454
1.839071529076452
1.839071529076455
1.839071529076454
1.839071529076452
1.839071529076452
1.839071529076455
1.839071529076452
1.83907152907645
1.839071529076454
1.839071529076454
1.83907152907645
1.839071529076453
1.839071529076452
1.83907152907645
1.839071529076452
1.839071529076454
1.839071529076453
1.839071529076452
1.839071529076451
1.839071529076451
1.839071529076452
1.839071529076452
1.839071529076453
1.839071529076449
1.839071529076452
1.839071529076453
1.839071529076455
1.839071529076453
1.839071529076452
1.839071529076452
1.839071529076452
1.839071529076449
1.839071529076453
1.839071529076452
1.839071529076451
1.839071529076449
1.839071529076452
1.83907152907645
1.839071529076453
1.839071529076455
1.839071529076451
1.839071529076451
1.839071529076456
1.839071529076453
1.839071529076453
1.839071529076455
1.839071529076454
1.839071529076452
1.839071529076452
1.839071529076452
1.839071529076451
1.839071529076451
1.839071529076453
1.839071529076454
1.839071529076454
1.839071529076453
1.839071529076455
1.839071529076451
1.839071529076453
1.839071529076453
1.839071529076454
1.839071529076452
1.839071529076454
1.839071529076452
1.839071529076453
1.839071529076454
1.839071529076454
1.839071529076449
1.839071529076453
1.839071529076453
1.839071529076451
1.839071529076455
1.839071529076452
1.839071529076451
1.839071529076453
1.839071529076452
1.839071529076454
1.839071529076453
1.839071529076453
1.839071529076452
1.839071529076452
1.839071529076453
1.839071529076455
1.839071529076454
1.839071529076454
1.839071529076455
1.839071529076452
1.839071529076453
1.83907152907645
1.839071529076452
1.839071529076452
1.839071529076453
1.83907152907645
1.839071529076453
1.839071529076454
1.839071529076452
1.839071529076453
1.839071529076452
1.839071529076454
1.839071529076451
1.839071529076455
1.839071529076454
1.839071529076452
1.839071529076452
1.839071529076451
1.839071529076453
1.839071529076451
1.839071529076452
1.839071529076453
1.839071529076453
1.839071529076453
1.839071529076451
1.839071529076451
1.839071529076452
1.839071529076453
1.839071529076452
1.839071529076452
1.839071529076454
1.839071529076454
1.839071529076453
1.839071529076452
1.839071529076452
1.839071529076454
1.839071529076452
1.839071529076451
1.839071529076453
1.839071529076453
1.839071529076451
1.839071529076453
1.839071529076453
1.839071529076454
1.839071529076452
1.839071529076453
1.839071529076453
1.839071529076453
1.839071529076453
1.839071529076453
1.839071529076451
1.839071529076452
1.839071529076452
1.839071529076454
1.839071529076451
1.839071529076452
1.839071529076452
1.839071529076453
1.839071529076453
1.839071529076453
1.839071529076453
1.839071529076454
1.839071529076453
1.839071529076453
1.839071529076453
1.839071529076451
1.839071529076454
1.839071529076453
1.839071529076453
1.839071529076453
1.839071529076451
1.839071529076452
1.839071529076452
1.839071529076454
1.839071529076452
1.839071529076452
1.839071529076452
1.839071529076452
1.839071529076453
1.839071529076453
1.839071529076455
1.839071529076451
1.839071529076453
1.839071529076453
1.839071529076453
1.839071529076452
1.839071529076452
1.839071529076453
1.839071529076453
1.839071529076453
1.839071529076452
1.839071529076453
1.839071529076452
1.839071529076452
1.839071529076452
1.839071529076453
1.839071529076453
1.839071529076452
1.839071529076453
1.839071529076455
1.839071529076452
1.839071529076453
1.839071529076452
1.839071529076453
1.839071529076451
1.839071529076454
1.839071529076453
1.839071529076453
1.839071529076451
1.839071529076453
1.839071529076452
1.839071529076451
1.839071529076453
1.839071529076452
1.839071529076454
1.839071529076453
1.839071529076451
1.839071529076453
1.839071529076453
1.839071529076453
1.839071529076453
1.839071529076453
1.839071529076451
1.839071529076452
1.839071529076452
1.839071529076452
1.839071529076453
1.839071529076452
1.839071529076452
1.839071529076453
1.839071529076452
1.839071529076454
1.839071529076452
1.839071529076452
1.839071529076453
1.839071529076453
1.839071529076452
1.839071529076453
1.839071529076453
1.839071529076453
1.839071529076453
1.839071529076452
1.839071529076453
1.839071529076452
1.839071529076453
1.839071529076454
1.839071529076452
1.839071529076453
1.839071529076452
1.839071529076453
1.839071529076451
1.839071529076451
1.839071529076452
1.839071529076453
1.839071529076453
1.839071529076452
1.839071529076453
1.839071529076453
1.839071529076453
1.839071529076453
1.839071529076453
1.839071529076452
1.839071529076452
1.839071529076453
1.839071529076452
1.839071529076453
1.839071529076452
1.839071529076452
1.839071529076453
1.839071529076452
1.839071529076452
1.839071529076453
1.839071529076452
1.839071529076452
1.839071529076452
1.839071529076453
1.839071529076453
1.839071529076453
1.839071529076453
1.839071529076452
1.839071529076453
1.839071529076453
1.839071529076452
1.839071529076453
1.839071529076453
1.839071529076453
1.839071529076452
1.839071529076453
1.839071529076453
1.839071529076453
1.839071529076452
1.839071529076453
1.839071529076453
1.839071529076452
1.839071529076452
1.839071529076452
1.839071529076452
1.839071529076452
1.839071529076453
1.839071529076451
1.839071529076452
1.839071529076452
1.839071529076452
1.839071529076453
1.839071529076453
1.839071529076453
1.839071529076452
1.839071529076452
1.839071529076452
1.839071529076452
1.839071529076453
1.839071529076452
1.839071529076452
1.839071529076452
1.839071529076452
1.839071529076453
1.839071529076452
1.839071529076452
1.839071529076452
1.839071529076453
1.839071529076454
1.839071529076454
1.839071529076453
1.839071529076454
1.839071529076454
1.839071529076452
1.839071529076453
1.839071529076453
1.839071529076452
1.839071529076453
1.839071529076453
1.839071529076452
1.839071529076452
1.839071529076452
1.839071529076453
1.839071529076452
1.839071529076452
1.839071529076453
1.839071529076453
1.839071529076453
1.839071529076453
1.839071529076453
1.839071529076452
1.839071529076452
1.839071529076453
1.839071529076453
1.839071529076452
1.839071529076453
1.839071529076453
1.839071529076453
1.839071529076453
1.839071529076452
1.839071529076452
1.839071529076453
1.839071529076453
1.839071529076453
1.839071529076453
1.839071529076453
1.839071529076453
1.839071529076453
1.839071529076453
1.839071529076453
1.839071529076453
1.839071529076452
1.839071529076452
1.839071529076453
1.839071529076453
1.839071529076452
1.839071529076452
1.839071529076453
1.839071529076453
1.839071529076453
1.839071529076453
1.839071529076453
1.839071529076453
1.839071529076453
1.839071529076452
1.839071529076452
1.839071529076452
1.839071529076453
1.839071529076453
1.839071529076453
1.839071529076453
1.839071529076453
1.839071529076453
1.839071529076453
1.839071529076453
1.839071529076453
1.839071529076453
1.839071529076453
1.839071529076453
1.839071529076453
1.839071529076453
1.839071529076453
1.839071529076453
1.839071529076453
1.839071529076453
1.839071529076453
1.839071529076453
1.839071529076453
1.839071529076452
1.839071529076452
1.839071529076452
1.839071529076453
1.839071529076453
1.839071529076453
1.839071529076452
1.839071529076452
1.839071529076452
1.839071529076453
1.839071529076453
1.839071529076453
1.839071529076452
1.839071529076452
1.839071529076452
1.839071529076452
1.839071529076453
1.839071529076453
1.839071529076453
1.839071529076452
1.839071529076452
1.839071529076452
1.839071529076452
1.839071529076452
1.839071529076452
1.839071529076452
1.839071529076453
1.839071529076453
1.839071529076453
1.839071529076453
1.839071529076452
1.839071529076452
1.839071529076452
1.839071529076452
1.839071529076452
1.839071529076452
1.839071529076452
1.839071529076452
1.839071529076453
1.839071529076453
1.839071529076453
1.839071529076453
1.839071529076453
1.839071529076453
1.839071529076453
1.839071529076453
1.839071529076453
1.839071529076453
1.839071529076453
1.839071529076453
1.839071529076453
1.839071529076453
1.839071529076453
1.839071529076453
1.839071529076453
1.839071529076453
1.839071529076452
1.839071529076452
1.839071529076452
1.839071529076452
1.839071529076452
1.839071529076453
1.839071529076453
1.839071529076453
1.839071529076453
1.839071529076453
1.839071529076453
1.839071529076453
1.839071529076453
1.839071529076453
1.839071529076453
1.839071529076453
1.839071529076455
1.839071529076455
1.839071529076455
1.839071529076455
1.839071529076455
1.839071529076455
1.839071529076455
1.839071529076455
1.839071529076455
1.839071529076455
1.839071529076455
1.839071529076455
1.839071529076456
1.839071529076456
1.839071529076456
1.839071529076456
1.839071529076456
1.839071529076456
1.839071529076456
1.839071529076459
1.839071529076459
1.839071529076459
1.839071529076459
1.839071529076459
1.839071529076459
1.839071529076459
1.839071529076465
1.839071529076465
1.839071529076465
1.839071529076465
1.839071529076465
1.839071529076465
1.839071529076465
1.839071529076479
1.839071529076479
1.839071529076479
1.839071529076479
1.839071529076479
1.839071529076479
1.839071529076479
1.839071529076479
1.839071529076506
1.839071529076506
1.839071529076506
1.839071529076506
1.839071529076506
1.839071529076506
1.839071529076506
1.839071529076506
1.839071529076506
1.839071529076574
1.839071529076574
1.839071529076574
1.839071529076574
1.839071529076574
1.839071529076574
1.839071529076574
1.839071529076574
1.839071529076574
1.83907152907674
1.83907152907674
1.83907152907674
1.83907152907674
1.83907152907674
1.83907152907674
1.83907152907674
1.83907152907674
1.83907152907674
1.83907152907674
1.83907152907674
1.839071529077206
1.839071529077206
1.839071529077206
1.839071529077206
1.839071529077206
1.839071529077206
1.839071529077206
1.839071529077206
1.839071529077206
1.839071529077206
1.839071529077206
1.83907152907863
1.83907152907863
1.83907152907863
1.83907152907863
1.83907152907863
1.83907152907863
1.83907152907863
1.83907152907863
1.83907152907863
1.83907152907863
1.83907152907863
1.83907152907863
1.83907152907863
1.839071529083612
1.839071529083612
1.839071529083612
1.839071529083612
1.839071529083612
1.839071529083612
1.839071529083612
1.839071529083612
1.839071529083612
1.839071529083612
1.839071529083612
1.839071529083612
1.839071529083612
1.839071529083612
1.839071529104166
1.839071529104166
1.839071529104166
1.839071529104166
1.839071529104166
1.839071529104166
1.839071529104166
1.839071529104166
1.839071529104166
1.839071529104166
1.839071529104166
1.839071529104166
1.839071529104166
1.839071529104166
1.839071529104166
1.839071529104166
1.839071529104166
1.839071529209614
1.839071529209614
1.839071529209614
1.839071529209614
1.839071529209614
1.839071529209614
1.839071529209614
1.839071529209614
1.839071529209614
1.839071529209614
1.839071529209614
1.839071529209614
1.839071529209614
1.839071529209614
1.839071529209614
1.839071529209614
1.839071529209614
1.839071529209614
1.839071529209614
1.839071529209614
1.839071529941271
1.839071529941271
1.839071529941271
1.839071529941271
1.839071529941271
1.839071529941271
1.839071529941271
1.839071529941271
1.839071529941271
1.839071529941271
1.839071529941271
1.839071529941271
1.839071529941271
1.839071529941271
1.839071529941271
1.839071529941271
1.839071529941271
1.839071529941271
1.839071529941271
1.839071529941271
1.839071529941271
1.839071529941271
1.839071529941271
1.839071529941271
1.839071537900319
1.839071537900319
1.839071537900319
1.839071537900319
1.839071537900319
1.839071537900319
1.839071537900319
1.839071537900319
1.839071537900319
1.839071537900319
1.839071537900319
1.839071537900319
1.839071537900319
1.839071537900319
1.839071537900319
1.839071537900319
1.839071537900319
1.839071537900319
1.839071537900319
1.839071537900319
1.839071537900319
1.839071537900319
1.839071537900319
1.839071537900319
1.839071537900319
1.839071537900319
1.839071537900319
1.839071537900319
1.839071537900319
1.839071537900319
1.839071537900319
1.839071723300742
1.839071723300742
1.839071723300742
1.839071723300742
1.839071723300742
1.839071723300742
1.839071723300742
1.839071723300742
1.839071723300742
1.839071723300742
1.839071723300742
1.839071723300742
1.839071723300742
1.839071723300742
1.839071723300742
1.839071723300742
1.839071723300742
1.839071723300742
1.839071723300742
1.839071723300742
1.839071723300742
1.839071723300742
1.839071723300742
1.839071723300742
1.839071723300742
1.839071723300742
1.839071723300742
1.839071723300742
1.839071723300742
1.839071723300742
1.839071723300742
1.839071723300742
1.839071723300742
1.839071723300742
1.839071723300742
1.839071723300742
1.839071723300742
1.839071723300742
1.839071723300742
1.839071723300742
1.839071723300742
1.839071723300742
1.839071723300742
1.839071723300742
1.839097524091966
1.839097524091966
1.839097524091966
1.839097524091966
1.839097524091966
1.839097524091966
1.839097524091966
1.839097524091966
1.839097524091966
1.839097524091966
1.839097524091966
1.839097524091966
1.839097524091966
1.839097524091966
1.839097524091966
1.839097524091966
1.839097524091966
1.839097524091966
1.839097524091966
1.839097524091966
1.839097524091966
1.839097524091966
1.839097524091966
1.839097524091966
1.839097524091966
1.839097524091966
1.839097524091966
1.839097524091966
1.839097524091966
1.839097524091966
1.839097524091966
1.839097524091966
1.839097524091966
1.839097524091966
1.839097524091966
1.839097524091966
1.839097524091966
1.839097524091966
1.839097524091966
1.839097524091966
1.839097524091966
1.839097524091966
1.839097524091966
1.839097524091966
1.839097524091966
1.839097524091966
1.839097524091966
1.839097524091966
1.839097524091966
1.839097524091966
1.839097524091966
1.839097524091966
1.839097524091966
1.839097524091966
1.839097524091966
1.839097524091966
1.839097524091966
1.839097524091966
1.839097524091966
1.839097524091966
1.839097524091966
1.839097524091966
1.839097524091966
1.839097524091966
1.839097524091966
1.839097524091966
1.839097524091966
1.839097524091966
1.839097524091966
1.839097524091966
1.839097524091966
1.839097524091966
1.839097524091966
1.839097524091966
1.839097524091966
1.839097524091966
