1
1.010021412232962
1.020144259389679
1.030369776093502
1.040699196967786
1.051133756635883
1.061674689721148
1.072323230846933
1.083080614636592
1.093948075713477
1.104926848700944
1.116018168222343
1.12722326890103
1.138543385360357
1.149979752223678
1.161533604114345
1.173206175655713
1.184998701471135
1.196912416183963
1.208948554417551
1.221108350795253
1.233393039940422
1.245803856476411
1.258342035026573
1.271008810214262
1.283805416662832
1.296733088995634
1.309793061836023
1.322986569807353
1.336314847532975
1.349779129636245
1.363380650740514
1.377120645469137
1.391000348445466
1.405020994292855
1.419183817634657
1.433490053094226
1.447940935294915
1.462537698860077
1.477281578413066
1.492173808577234
1.507215623975936
1.522408259232523
1.537752948970351
1.553250927812772
1.568903430383139
1.584711691304806
1.600676945201126
1.616800426695452
1.633083370411138
1.649527010971537
1.666132583000002
1.682901321119887
1.699834471941892
1.716933694961199
1.734201157168548
1.751639056717093
1.76924959175999
1.787034960450394
1.804997360941462
1.823138991386349
1.84146204993821
1.859968734750201
1.878661243975478
1.897541775767197
1.916612528278512
1.935875699662581
1.955333488072557
1.974988091661597
1.994841708582858
2.014896536989493
2.035154775034659
2.055618620871511
2.076290272653206
2.097171928532898
2.118265786663744
2.139574045198898
2.161098902291517
2.182842556094756
2.204807204761772
2.226995046445718
2.249408279299752
2.272049101477029
2.294919711130703
2.318022306413932
2.34135908547987
2.364932246481674
2.388743987572498
2.4127965069055
2.437092002633833
2.461632672910654
2.486420715889118
2.511458329722381
2.536747712563598
2.562291062565927
2.588090577882521
2.614148456666537
2.640466897071129
2.667048097249455
2.69389425535467
2.721007569539928
2.748390237958386
2.776044458763199
2.803972430107522
2.832176350144513
2.860658417027326
2.889420977565267
2.918467340005648
2.947801195124058
2.977426234675997
3.007346150416967
3.037564634102465
3.068085377487994
3.098912072329054
3.130048410381143
3.161498083399763
3.193264783140415
3.225352201358598
3.257764029809811
3.290503960249557
3.323575684433335
3.356982894116645
3.390729281054987
3.424818537003862
3.459254353718769
3.49404042295521
3.529180436468684
3.56467808601469
3.600537063348731
3.636761060226307
3.673353768402916
3.71031887963406
3.747660085675237
3.785381078281951
3.823485549209699
3.861977190213983
3.900859693050302
3.940136749474157
3.979812051241048
4.019889290106476
4.060372157825939
4.101264346154939
4.142569546848977
4.184291451663552
4.226433752354163
4.269000140676313
4.311994308385501
4.355419947237226
4.39928074898699
4.443580405390292
4.488322608202632
4.533511049179514
4.579149420076433
4.625241412648893
4.671790718652391
4.718801029842428
4.766276037974507
4.814219434804127
4.862634919877629
4.911527023182939
4.960901830445905
5.010765598416976
5.0611245838466
5.111985043485221
5.163353234083291
5.215235412391252
5.267637835159553
5.320566759138641
5.374028441078964
5.428029137730967
5.482575105845099
5.537672602171806
5.593327883461534
5.649547206464731
5.706336827931844
5.763703004613322
5.821651993259607
5.880190050621152
5.939323433448399
5.999058398491798
6.059401202501794
6.120358102228836
6.18193535442337
6.244139215835842
6.306975943216701
6.370451793316393
6.434573022885364
6.499345888674063
6.564776647432936
6.630871555912429
6.697636870862991
6.765078849035068
6.833203747179106
6.902017822045554
6.971527330384857
7.041738528947465
7.112657674483821
7.184291023744375
7.256644833479573
7.329725360439861
7.403538861375689
7.4780915930375
7.553389812175744
7.629439775540868
7.706247739883315
7.783819961953537
7.862162698501978
7.941282206279086
8.021184742035308
8.10187656252109
8.183363924486882
8.265653315940314
8.348753749034357
8.432675789671324
8.517430026489787
8.60302704812832
8.68947744322549
8.77679180041987
8.86498070835003
8.954054755654541
9.044024530971972
9.134900622940897
9.226693620199887
9.319414111387509
9.413072685142337
9.507679930102942
9.603246434907893
9.699782788195762
9.797299578605118
9.895807394774533
9.995316825342579
10.09583845894783
10.19738288422885
10.29996068982421
10.40358246437249
10.50825879651224
10.61400027488206
10.7208174881205
10.82872102486614
10.93772147375754
11.04782942343329
11.15905546253194
11.27141017969207
11.38490416355225
11.49954800275106
11.61535228592706
11.73232760171883
11.85048453876492
11.96983368570392
12.0903856311744
12.21215096381493
12.33514027226407
12.4593641451604
12.58483317114249
12.71155793884891
12.83954903691823
12.96881705398902
13.09937257869986
13.23122619968931
13.36438850559595
13.49887008505834
13.63468152671505
13.77183341920466
13.91033635259162
14.05020256187056
14.19144909509217
14.33409387597538
14.47815482823911
14.62364987560227
14.77059694178379
14.91901395050259
15.06891882547758
15.22032949042768
15.37326386907182
15.5277398851289
15.68377546231786
15.84138852435761
16.00059699496707
16.16141879786516
16.32387185677079
16.48797409540289
16.65374343748038
16.82119780672218
16.9903551268472
17.16123332157436
17.33385031462258
17.50822402971079
17.6843723905579
17.86231332088284
18.04206474440451
18.22364458484184
18.40707076591375
18.59236121133916
18.77953384483699
18.96860659012616
19.15959737092557
19.35252411095416
19.54740473393086
19.74425716357456
19.94309932360419
20.14394913773868
20.34682452969694
20.55174342319789
20.75872374196044
20.96778340970353
21.17894035014607
21.39221248700697
21.60761774400516
21.82517404485955
22.04489931328907
22.26681147301264
22.49092844774917
22.71726816121758
22.9458485371368
23.17668749922574
23.40980297120331
23.64521317847423
23.88294249751464
24.12302104769127
24.36547916829979
24.61034719863587
24.85765547799519
25.10743434567337
25.35971414096612
25.61452520316907
25.87189787157793
26.13186248548832
26.39444938419594
26.65968890699645
26.9276113931855
27.19824718205878
27.47162661291194
27.74778002504064
28.02673775774056
28.30853015030737
28.59318754203672
28.88074027222429
29.17121868016574
29.46465310515674
29.76107388649296
30.06051136347005
30.36299587538368
30.66855776152953
30.97722736120327
31.28903501370053
31.60401105831702
31.92218583434838
32.24358968109028
32.5682529378384
32.89620594388839
33.22747903853593
33.56210256107667
33.90010685080628
34.24152224702044
34.58637908901481
34.93470771608504
35.28653846752682
35.6419016826358
36.00082770070767
36.36334686103806
36.72948950292265
37.09928596565712
37.47276658853713
37.84996171085835
38.23090167191643
38.61561681100703
39.00413746742586
39.39649398046854
39.79271668943077
40.19283891163519
40.59690791752307
41.00497506057818
41.41709169479492
41.83330917416772
42.25367885269093
42.67825208435899
43.1070802231663
43.54021462310726
43.97770663817627
44.41960762236773
44.86596892967605
45.31684191409563
45.77227792962087
46.23232833024616
46.69704446996594
47.16647770277457
47.64067938266648
48.11970086363608
48.60359349967775
49.0924086447859
49.58619765295493
50.08501187817926
50.58890267445327
51.09792139577137
51.61211939612797
52.13154802951748
52.65625864993427
53.18630261137277
53.72173126782739
54.26259597329251
54.80894808176257
55.3608389472319
55.91831992369497
56.48144236514617
57.05025762557988
57.62481705899052
58.20517201937249
58.79137386072019
59.38347393702802
59.98152360229039
60.58557421050171
61.19567711565636
61.81188367174877
62.43424523277332
63.06281315272443
63.69763878559649
64.33877348538391
64.98626860608108
65.64017550168244
66.30054552618233
66.9674300335752
67.64088067436106
68.32096310655214
69.00776276586208
69.70136658177033
70.40186148375633
71.10933440129955
71.82387226387941
72.54556200097535
73.27449054206681
74.01074481663328
74.75441175415416
75.50557828410891
76.26433133597696
77.03075783923779
77.80494472337081
78.58697891785548
79.37694735217123
80.17493695579749
80.98103465821379
81.79532738889948
82.61790207733402
83.44884565299691
84.28824504536755
85.13618718392539
85.99275899814987
86.85804741752045
87.73213937151657
88.61512178961766
89.50708160130317
90.40810573605256
91.31828112334527
92.23769469266075
93.16643337347841
94.10458409527773
95.05223378753816
96.0094693797391
96.97637780136004
97.95304598188041
98.93956085077964
99.93600933753719
100.9424783716325
101.959054882545
102.9858257997542
104.0228780527395
105.0702985709802
106.1281742839561
107.1965921211463
108.2756390120304
109.3654018860878
110.4659676727979
111.5774233016403
112.6998557020943
113.8333518036395
114.9780034728732
116.1339403237688
117.3013093943034
118.4802578160765
119.6709327206877
120.8734812397365
122.0880505048223
123.3147876475447
124.5538397995032
125.8053540922973
127.0694776575266
128.3463576267905
129.6361411316885
130.9389753038201
132.2550072747849
133.5843841761825
134.9272531396122
136.2837612966735
137.6540557789661
139.0382837180895
140.4365922456431
141.8491284932263
143.2760395924389
144.7174726748803
146.1735748721499
147.6444933158473
149.1303751375721
150.6313674689236
152.1476174415015
153.6792721869052
155.2264788367343
156.7893845225882
158.3681363760665
159.9628815287687
161.5737671122943
163.2009402582429
164.8445480982138
166.5047377638066
168.181656386621
169.8754510982563
171.586269030312
173.3142573143878
175.059563082083
176.8223334649972
178.60271559473
180.4008566028808
182.2169036210491
184.0510037808345
185.9033042138365
187.7739520516545
189.6630944258881
191.5708784681368
193.497451468566
195.442990227932
197.4077354787593
199.3919363154432
201.3958418323793
203.4197011239628
205.4637632845891
207.5282774086538
209.6134925905521
211.7196579246794
213.8470225054312
215.9958354272028
218.1663457843898
220.3588026713873
222.5734551825908
224.8105524123958
227.0703434551976
229.3530774053916
231.6590033573732
233.9883704055379
236.3414276442809
238.7184241679977
241.1196090710838
243.5452314479344
245.995540392945
248.470785000511
250.9712143650278
253.4970775808908
256.0486237424953
258.6261019442368
261.2297612805106
263.8598508457122
266.516619734237
269.2003170404803
271.9111918588375
274.6494932837041
277.4154704094753
280.2093723305468
283.0314481413138
285.8819469361717
288.7611178095159
291.6692098557419
294.6064721692448
297.5731538444203
300.5695039756637
303.5957716573705
306.6522059839359
309.7390560497554
312.8565709492243
316.0049997767381
319.1845916266923
322.3955955934821
325.6382607715029
328.9128434926642
332.2196959147337
335.5592380639263
338.9318914030701
342.3380773949931
345.7782175025235
349.2527331884893
352.7620459157184
356.3065771470391
359.8867483452791
363.5029809732669
367.1556964938301
370.845316369797
374.5722620639958
378.3369550392542
382.1398167584004
385.9812686842625
389.8617322796686
393.7816290074466
397.7413803304245
401.7414077114306
405.7821326132928
409.8639764988391
413.9873608308976
418.1527070722965
422.3604366858636
426.6109711344271
430.9047318808149
435.2421403878553
439.6236181183762
444.0495865352056
448.5204671011718
453.0366812791025
457.598650531826
462.2067963221702
466.8615401129632
471.5633033670331
476.3125075472079
481.1095741163157
485.9549245371845
490.8489802726423
495.7921627855173
500.7848935386374
505.8275939948309
510.9206856169254
516.0645898677494
521.2597282101308
526.5065221068975
531.8053930208778
537.1567624148995
542.5610517517907
548.0186824943797
553.5300761126041
559.0957109261245
564.7162595290732
570.3924359797624
576.1249543365043
581.914528657611
587.761873001395
593.6677014261684
599.6327279902436
605.6576667519323
611.7432317695478
617.890137101401
624.0990968058048
630.3708249410713
636.7060355655127
643.1054427374414
649.5697605151694
656.0997029570091
662.6959841212727
669.3593180662723
676.0904188503201
682.8900005317287
689.7587771688098
696.6974628198761
703.7067715432395
710.7874173972124
717.9401144401069
725.1655767302353
732.4645183259098
739.8376532854426
747.285695667146
754.8093595293321
762.4093589303133
770.0864079284017
777.8412205819096
785.6745109491492
793.5869930884327
801.5793810580723
809.6523889163802
817.8067307216687
826.04312053225
834.3622724064362
842.7649004025398
851.2517185788728
859.8234409937476
868.4807817054763
877.224454772371
886.0551742527442
894.9736542049079
903.9806086871745
913.0767517578562
922.2627974752651
931.5394598977135
940.9074618018591
950.3677536220058
959.9215296310651
969.5699960612712
979.3143591448573
989.1558251140572
999.0956002011044
1009.134890638233
1019.274902657676
1029.516842491667
1039.86191637244
1050.311330532228
1060.866291203265
1071.528004617785
1082.297677008021
1093.176514606207
1104.165723644576
1115.266510355362
1126.4800809708
1137.807641723121
1149.25039884456
1160.809558567351
1172.486327123726
1184.281910745921
1196.197515666167
1208.2343481167
1220.393614329752
1232.676520537557
1245.084272972349
1257.618077866361
1270.279141451827
1283.068669960981
1295.987869626056
1309.037946679286
1322.220107352903
1335.535557879143
1348.985504490239
1362.571153418424
1376.293710895931
1390.154383154995
1404.154376427848
1418.294896946726
1432.57715094386
1447.002344651486
1461.571684301836
1476.286376127144
1491.147626359643
1506.156641231568
1521.314626975151
1536.622789822628
1552.08233600623
1567.694471758191
1583.460403310747
1599.381437732
1615.459436328173
1631.696449824226
1648.094529109311
1664.655725072584
1681.382088603196
1698.275670590302
1715.338521923055
1732.572693490609
1749.980236182118
1767.563200886735
1785.323638493614
1803.263599891907
1821.38513597077
1839.690297619355
1858.181135726816
1876.859701182307
1895.728044874981
1914.788217693992
1934.042270528494
1953.492254267639
1973.140219800582
1992.988218016476
2013.038299804476
2033.292516053733
2053.752917653403
2074.421555492638
2095.300480460592
2116.391743446419
2137.697395339273
2159.219487028307
2180.960069402674
2202.921193351528
2225.104909764023
2247.513269529312
2270.148323536549
2293.012122674888
2316.106717833482
2339.434159901485
2362.99649976805
2386.795788322331
2410.834076453482
2435.113415050655
2459.635855003005
2484.403447199687
2509.418242529851
2534.682291882653
2560.197646147246
2585.966356212784
2611.99047296842
2638.272047303308
2664.813130106602
2691.615779545075
2718.682551123276
2746.016808296422
2773.621988542565
2801.501529339759
2829.658868166057
2858.097442499512
2886.820689818177
2915.832047600105
2945.134953323349
2974.732844465962
3004.629158506001
3034.827332921512
3065.330805190552
3096.143012791174
3127.267393201431
3158.707383899375
3190.46642236306
3222.54794607054
3254.955392499866
3287.692199129093
3320.761803436273
3354.16764289946
3387.913154996706
3422.001777206065
3456.436947005589
3491.222101873333
3526.360679287348
3561.856116725688
3597.711851666407
3633.931321587556
3670.51796396719
3707.475216283362
3744.806516014124
3782.515300637529
3820.605007631631
3859.079074474484
3897.940938644138
3937.19403761865
3976.84180887607
4016.887689894452
4057.335118151849
4098.187531126315
4139.448366295902
4181.121061138664
4223.209053132653
4265.715779755923
4308.644678486527
4351.999186802519
4395.78274218195
4439.998782102874
4484.650744043344
4529.742065481413
4575.276351125608
4621.258726908876
4667.695130782688
4714.591508316514
4761.95380507983
4809.787966642109
4858.099938572825
4906.895666441451
4956.181095817462
5005.962172270332
5056.244841369533
5107.035048684541
5158.338739784828
5210.161860239868
5262.510355619135
5315.390171492104
5368.807253428246
5422.767546997039
5477.276997767952
5532.341551310461
5587.96715319404
5644.159748988163
5700.925284262304
5758.269704585936
5816.198955528532
5874.718982659566
5933.835731548513
5993.555147764846
6053.883176878041
6114.825764457567
6176.388856072902
6238.578397293517
6301.400333688887
6364.860610828488
6428.965174281788
6493.719969618267
6559.130942407396
6625.204038218648
6691.945202621497
6759.360381185418
6827.455519479884
6896.236563074371
6965.709457538348
7035.880148441292
7106.754581352678
7178.338701841975
7250.638455478663
7323.659787832211
7397.408644472095
7471.890970967786
7547.112712888762
7623.079815804495
7699.798227675461
7777.274829839303
7855.518849562926
7934.539876837414
8014.347501653856
8094.951314003332
8176.360903876931
8258.585861265738
8341.635776160836
8425.52023855331
8510.248838434249
8595.831165794736
8682.276810625854
8769.595362918695
8857.796412664335
8946.889549853868
9036.884364478374
9127.790446528939
9219.617385996647
9312.374772872588
9406.072197147845
9500.719248813501
9596.325517860643
9692.900594280356
9790.454068063727
9888.99552920184
9988.53456768578
10089.08077350663
10190.64373665548
10293.23304712341
10396.85829490151
10501.52906998086
10607.25496235255
10714.04556200767
10821.91045893729
10930.85924313251
11040.90150458441
11152.04683328407
11264.30481922258
11377.68505239103
11492.1971227805
11607.85062038207
11724.65513518684
11842.62025718588
11961.75557637028
12082.07068273113
12203.57516625952
12326.27861694652
12450.19062478322
12575.32077976071
12701.67867187007
12829.2738911024
12958.11602744876
13088.21494295308
13219.58493017544
13352.24388622253
13486.20981285249
13621.50071182346
13758.13458489355
13896.12943382091
14035.50326036366
14176.27406627993
14318.45985332786
14462.07862326557
14607.1483778512
14753.68711884287
14901.71284799872
15051.24356707687
15202.29727783547
15354.89198203263
15509.04568142649
15664.77637777518
15822.10207283683
15981.04076836957
16141.61046613153
16303.82916788084
16467.71487537564
16633.28559037405
16800.5593146342
16969.55404991422
17140.28779797226
17312.77856056642
17487.04433945486
17663.10313639569
17840.97295314705
18020.67179146706
18202.21765311386
18385.62853984559
18570.92245342036
18758.11739559632
18947.23136813159
19138.28237278429
19331.28841131257
19526.26748547455
19723.23759702837
19922.21674773215
20123.22293934402
20326.27417362213
20531.38845232458
20738.58377720953
20947.87815003509
21159.28957255939
21372.83604654058
21588.53557373678
21806.40615590612
22026.46579480672
