1
1.009572858430061
1.01924751167464
1.029025554247857
1.038908580663829
1.048898185436675
1.058995963080512
1.069203508109459
1.079522415037635
1.089954278379158
1.100500692648145
1.111163252358716
1.121943552024988
1.13284318616108
1.143863749281109
1.155006835899195
1.166274040529456
1.177666957686009
1.189187181882974
1.200836307634467
1.212615929454609
1.224527641857516
1.236573039357307
1.248753716468101
1.261071267704015
1.273527287579168
1.286123370607679
1.298861111303665
1.311742104181244
1.324767943754536
1.337940224537658
1.351260541044729
1.364730487789866
1.378351659287189
1.392125650050814
1.406054054594862
1.420138467433449
1.434380483080694
1.448781696050716
1.463343700857633
1.478068092015562
1.492956464038623
1.508010411440933
1.523231528736611
1.538621410439775
1.554181651064544
1.569913845125035
1.585819587135366
1.601900471609657
1.618158093062025
1.634594046006589
1.651209924957467
1.668007324428777
1.684987838934637
1.702153062989166
1.719504591106482
1.737044017800703
1.754772937585948
1.772692944976335
1.790805634485982
1.809112600629007
1.827615437919528
1.846315740871664
1.865215103999534
1.884315121817255
1.903617388838946
1.923123499578724
1.942835048550709
1.962753630269018
1.98288083924777
2.003218270001083
2.023767517043075
2.044530174887865
2.06550783804957
2.08670210104231
2.108114558380202
2.129746804577364
2.151600434147916
2.173677041605975
2.195978221465659
2.218505568241086
2.241260676446376
2.264245140595646
2.287460555203015
2.3109085147826
2.33459061384852
2.358508446914893
2.382663608495838
2.407057693105473
2.431692295257916
2.456569009467285
2.481689430247699
2.507055152113276
2.532667769578134
2.558528877156391
2.584640069362165
2.611002940709577
2.637619085712743
2.664490098885781
2.691617574742809
2.719003107797947
2.746648292565312
2.774554723559023
2.802723995293197
2.831157702281953
2.85985743903941
2.888824800079686
2.918061379916898
2.947568773065167
2.977348574038607
3.00740237735134
3.037731777517483
3.068338907994741
3.099228058015173
3.130404055754422
3.161871729388132
3.193635907091949
3.225701417041516
3.258073087412478
3.29075574638048
3.323754222121166
3.35707334281018
3.390717936623167
3.424692831735771
3.459002856323637
3.493652838562409
3.528647606627733
3.563991988695251
3.599690812940609
3.635748907539452
3.672171100667422
3.708962220500167
3.746127095213328
3.783670552982552
3.821597421983482
3.859912530391763
3.898620706383038
3.937726778132956
3.977235573817155
4.017151921611285
4.057480649690987
4.098226586231909
4.13939455940969
4.18098939739998
4.223015928378421
4.265478980520657
4.308383382002332
4.351733960999093
4.395535545686581
4.439792964240445
4.484511044836325
4.529694615649868
4.575348504856718
4.62147754063252
4.668086551152917
4.715180364593554
4.762763809130075
4.810841712938126
4.859418904193351
4.908500211071394
4.958090461747899
5.008194484398512
5.058817107198877
5.109963158324636
5.161637465951436
5.213844858254921
5.266590163410735
5.319878209594524
5.373713824981929
5.428101837748597
5.483047076070175
5.538554368122303
5.594628542080627
5.651274426120791
5.70849684841844
5.76630063714922
5.824690620488774
5.883671626612744
5.943248483696778
6.00342601991652
6.064209063447615
6.125602442465705
6.187610985146434
6.25023951966545
6.313492874198396
6.377375876920916
6.441893356008654
6.507050139637254
6.572851055982364
6.639300933219625
6.706404599524682
6.774166883073181
6.842592612040765
6.911686614603076
6.981453718935764
7.051898753214473
7.123026545614842
7.194841924312519
7.26734971748315
7.340554753302376
7.414461859945845
7.489075865589197
7.564401598408081
7.640443886578138
7.717207558275016
7.794697441674354
7.872918364951803
7.951875156283003
8.031572643843601
8.112015655809239
8.193209020355562
8.275157565658215
8.357866119892845
8.441339511235096
8.525582567860607
8.610600117945024
8.696396989663999
8.782978011193169
8.870348010708177
8.958511816384675
9.047474256398301
9.137240158924703
9.227814352139525
9.319203561872413
9.411422104569038
9.504486194329068
9.598412045252172
9.693215871438023
9.78891388698629
9.885522305996645
9.983057342568758
10.0815352108023
10.18097212479694
10.28138429865235
10.3827879464682
10.48519928234417
10.58863452037991
10.69310987467511
10.79864155932943
10.90524578844254
11.01293877611412
11.12173673644383
11.23165588353135
11.34271243147634
11.45492259437848
11.56830258633744
11.68286862145289
11.79863691382449
11.91562367755193
12.03384512673486
12.15331747547296
12.27405693786591
12.39607972801336
12.519402060015
12.64404014797049
12.77001020597951
12.89732844814172
13.02601108855679
13.1560743413244
13.28753442054422
13.42040754031591
13.55470991473915
13.6904577579136
13.82766728393895
13.96635470691485
14.10653624094099
14.24822810011702
14.39144649854262
14.53620765031747
14.68252776954122
14.83042307031357
14.97990976673416
15.13100407290268
15.28372220291879
15.43808037088217
15.59409479089248
15.7517816770494
15.9111572434526
16.07223770420174
16.2350392733965
16.39957816513655
16.56587059352157
16.7339327726512
16.90378091662514
17.07543123954306
17.24889995550461
17.42420327860948
17.60135742295733
17.78037860264783
17.96128303178066
18.14408692445548
18.32880649477197
18.5154579568298
18.70405752472863
18.89462141256814
19.08716583444799
19.28170700446787
19.47826113672743
19.67684444532636
19.87747314436432
20.08016344794097
20.284931570156
20.49179372510907
20.70076612689985
20.91186498962802
21.12510652739324
21.34050695429519
21.55808248443353
21.77784933190793
21.99982371081808
22.22402183526363
22.45045991934426
22.67915417715964
22.91012082280943
23.14337607039332
23.37893613401097
23.61681722776204
23.85703556574622
24.09960736206317
24.34454883081257
24.59187618609408
24.84160564200738
25.09375341265213
25.348335712128
25.60536875453467
25.8648687539718
26.12685192453907
26.39133448033615
26.65833263546271
26.92786260401842
27.19994060010294
27.47458283781596
27.75180553125713
28.03162489452614
28.31406161937737
28.59915430818413
28.88694604097445
29.17747989777633
29.47079895861781
29.76694630352691
30.06596501253165
30.36789816566006
30.67278884294016
30.98068012439997
31.29161509006753
31.60563681997084
31.92278839413795
32.24311289259686
32.5666533953756
32.8934529825022
33.22355473400468
33.55700172991105
33.89383705024936
34.23410377504762
34.57784498433385
34.92510375813607
35.27592317648234
35.63034631940062
35.98841626691898
36.35017609906545
36.71566889586802
37.08493773735473
37.4580257035536
37.83497587449266
38.21583133019993
38.60063515070344
38.9894304160312
39.38226020621124
39.77916760127159
40.18019568124026
40.58538752614528
40.9947862160147
41.40843483087649
41.82637645075871
42.24865415568938
42.67531102569652
43.10639014080814
43.54193458105229
43.98198742645698
44.42659175705024
44.87579065286008
45.32962719391453
45.78814446024162
46.25138553186936
46.71939348882579
47.19221141113892
47.66988237883678
48.1524494719474
48.63995577049879
49.13244435451898
49.62995830403599
50.13254069907786
50.64023461967259
51.15308314584822
51.67112935763276
52.19441633505425
52.7229871581407
53.25688490692014
53.7961526614206
54.34083350167009
54.89097050769666
55.4466067595283
56.00778533719304
56.5745493207189
57.14694179013392
57.72500582546614
58.30878450674354
58.89832091399418
59.49365812724605
60.09483922652719
60.70190729186563
61.31490540328941
61.93387664082651
62.55886408450498
63.18991081435284
63.82705991039812
64.47035445266883
65.11983752119301
65.77555219599867
66.43754155711383
67.10584868456655
67.7805166583848
68.46158855859663
69.14910746523006
69.84311645831313
70.54365861787383
71.25077702394023
71.9645147565403
72.68491489570211
73.41202052145366
74.14587471382298
74.88652055283808
75.634001118527
76.38835949091775
77.14963875003838
77.91788197591688
78.69313224858131
79.47543264805965
80.26482625437995
81.06135614757024
81.86506540765853
82.67599711467285
83.49419434864122
84.31970018959166
85.1525577175522
85.99282850161356
86.84064806711719
87.69617042846733
88.5595496000681
89.43093959632367
90.31049443163825
91.19836812041599
92.09471467706108
92.99968811597769
93.91344245156998
94.83613169824213
95.76790987039834
96.70893098244275
97.65934904877952
98.61931808381289
99.588992101947
100.568525117586
101.5580711451341
102.5577841989954
103.5678182935742
104.5883274432746
105.6194656625008
106.6613869656569
107.7142453671472
108.7781948813757
109.8533895227468
110.9399833056645
112.038130244533
113.1479843537565
114.2696996477392
115.4034301408853
116.5493298475988
117.7075527822841
118.8782529593452
120.0615843931865
121.2577010982119
122.4667570888257
123.6889063794321
124.9243029844352
126.1731009182392
127.4354541952484
128.7115168298668
130.0014428364986
131.3053862295481
132.6235010234194
133.9559412325166
135.302860871244
136.6644139540056
138.0407544952058
139.4320365092486
140.8384140105383
142.2600410134789
143.6970715324748
145.14965958193
146.6179591762487
148.1021243298352
149.6023090570935
151.1186673724279
152.6513532902426
154.2005208249416
155.7663239909292
157.3489168026096
158.9484532743868
160.5650874206652
162.1989732558489
163.850264794342
165.5191160505488
167.2056810388733
168.9101137737198
170.6325682694925
172.3731985405955
174.132158601433
175.9096024664091
177.7056841499281
179.5205576663941
181.3543770302113
183.2072962557839
185.079469357516
186.9710503498119
188.8821932470756
190.8130520637114
192.7637808141234
194.7345335127159
196.7254641738929
198.7367268120587
200.7684754416174
202.8208640769732
204.8940467325304
206.988177422693
209.1034101618652
211.2398989644512
213.3977978448552
215.5772608174814
217.7784418967339
220.0014950970169
222.2465744327345
224.5138339182911
226.8034275680907
229.1155093965374
231.4502334180356
233.8077536469893
236.1882240978027
238.59179878488
241.0186317226254
243.468876925443
245.9426884077371
248.4402201839117
250.9616262683712
253.5070606755195
256.076677419761
258.6706305154998
261.2891118802679
263.9324650441087
266.6010714401936
269.2953125016937
272.0155696617802
274.7622243536246
277.535658010398
280.3362520652718
283.164387951417
286.0204471020052
288.9048109502074
291.817860929195
294.7599784721392
297.7315450122113
300.7329419825825
303.7645508164242
306.8267529469075
309.9199298072037
313.0444628304842
316.2007334499201
319.3891230986827
322.6100132099434
325.8637852168732
329.1508205526436
332.4715006504258
335.8262069433909
339.2153208647103
342.6392238475554
346.0982973250973
349.5929227305073
353.1234814969565
356.6903550576165
360.2939248456582
363.9345722942531
367.6126788365725
371.3286259057875
375.0827949350694
378.8755673575894
382.707324606519
386.5784481150292
390.4893193162915
394.440319643477
398.431830529757
402.4642334083027
406.5379097122855
410.6532408748765
414.8106083292471
419.0103935085685
423.2529778460121
427.5387427747489
431.8680697279503
436.2413401387877
440.6589354404321
445.121237066055
449.6286264488274
454.1814850219208
458.7801942185064
463.4251354717554
468.1166902148391
472.8552398809288
477.6411659031958
482.4748497148112
487.3566727489464
492.2870164387726
497.266262217461
502.294791518183
507.3729857741099
512.5012264184129
517.679894884263
522.9093726048318
528.1900410132905
533.5222815428103
538.9064756265625
544.3430046977184
549.8322501894492
555.3745935349259
560.9704161673204
566.6200995198034
572.3240250255463
578.0825741177206
583.8961282294973
589.7650687940478
595.6897772445433
601.670635014155
607.7080235360544
613.8023242434128
619.953918569401
626.1631879471904
632.4305138099526
638.7562775908584
645.1408607230795
651.5846446397867
658.0880107741518
664.6513405593457
671.2750154285397
677.9594168149054
684.7049261516134
691.5119248718356
698.380794408743
705.3119161955069
712.3056716652983
719.3624422512891
726.4826093866498
733.6665545045523
740.9146590381672
748.2273044206665
755.6048720852211
763.0477434650022
770.556299993181
778.130923102929
785.7719942274175
793.4800780989466
801.2564726463323
809.1026590975205
817.0201186804558
825.0103326230839
833.0747821533496
841.2149484991987
849.4323128885759
857.7283565494267
866.1045607096966
874.5624065973303
883.1033754402735
891.7289484664711
900.4406069038687
909.2398319804112
918.128104924044
927.1069069627124
936.1777193243616
945.3420232369369
954.6012999283835
963.9570306266467
973.4106965596715
982.9637789554034
992.6177590417876
1002.374118046769
1012.234337198294
1022.199897724306
1032.272280852752
1042.452967811576
1052.743439828724
1063.145178132141
1073.659663949772
1084.288378509562
1095.032803039458
1105.894418767403
1116.874706921343
1127.975148729225
1139.197225418991
1150.542418218589
1162.012208355962
1173.608077059057
1185.331505555819
1197.183975074193
1209.166966842124
1221.281962087558
1233.530442038439
1245.913887922713
1258.433780968325
1271.09160240322
1283.888833455344
1296.826955352642
1309.907449323059
1323.131796594541
1336.501478395032
1350.017975952478
1363.682770494825
1377.497343250016
1391.463175445998
1405.581748310716
1419.854543072115
1434.28304095814
1448.868723196737
1463.613071015851
1478.517565643427
1493.58368830741
1508.812920235746
1524.206742656379
1539.766636797256
1555.494083886321
1571.390565151519
1587.457561820797
1603.696555122098
1620.109026283369
1636.696456532554
1653.460327097599
1670.402119206448
1687.523314087049
1704.825392967344
1722.309837075281
1739.978127638803
1757.831745885857
1775.872173044387
1794.100890342339
1812.519379007657
1831.129120268289
1849.931595352177
1868.928285487268
1888.120671901507
1907.51023582284
1927.098458479211
1946.886821098565
1966.876804908849
1987.069891138007
2007.467561013984
2028.071295764725
2048.882576618177
2069.902884802284
2091.133701544991
2112.576508074244
2134.232785617988
2156.104015404168
2178.191678660729
2200.497256615618
2223.022230496777
2245.768081532154
2268.736290949693
2291.928339977341
2315.34570984304
2338.989881774738
2362.862337000379
2386.964556747909
2411.298324682175
2435.866634215633
2460.67278119764
2485.720061477555
2511.011770904735
2536.551205328539
2562.341660598324
2588.386432563448
2614.688817073269
2641.252109977146
2668.079607124434
2695.174604364494
2722.540397546683
2750.180282520358
2778.097555134878
2806.2955112396
2834.777446683883
2863.546657317083
2892.606438988561
2921.960087547672
2951.610898843775
2981.562168726227
3011.817193044391
3042.379267647618
3073.251688385268
3104.437751106699
3135.94075166127
3167.763985898338
3199.910749667262
3232.384338817398
3265.188049198106
3298.325176658742
3331.799017048666
3365.612866217234
3399.770020013805
3434.273774287736
3469.127424888386
3504.334267665112
3539.897598467273
3575.820713144225
3612.106907545328
3648.759477519939
3685.781718917415
3723.176927587116
3760.948399378398
3799.09943014062
3837.63331572314
3876.553351975314
3915.862834746502
3955.565059886062
3995.663323243351
4036.160920667726
4077.061148008547
4118.367301115171
4160.082675836956
4202.210568023258
4244.754273523438
4287.717088186852
4331.102307862859
4374.913228400816
4419.153145650082
4463.825355460012
4508.933153679967
4554.479836159305
4600.468698747381
4646.903037293557
4693.786147647186
4741.121325657631
4788.911867174247
4837.161068046393
4885.872224123425
4935.048631254701
4984.693585289582
5034.810382077423
5085.402317467583
5136.472687309422
5188.024787452294
5240.061913745559
5292.587362038574
5345.604428180696
5399.116408021287
5453.126597409701
5507.638292195297
5562.654788227435
5618.179381355469
5674.215367428759
5730.766042296664
5787.83470180854
5845.424641813745
5903.539158161638
5962.181546701577
6021.355103282919
6081.063123755021
6141.308903967244
6202.095739768943
6263.426927009477
6325.305761538204
6387.735539204481
6450.719555857668
6514.261107347122
6578.363489522199
6643.029998232259
6708.263929326658
6774.068578654757
6840.447242065911
6907.40321540948
6974.939794534821
7043.060275291292
7111.767953528249
7181.066125095052
7250.95808584106
7321.448999684971
7392.551502822856
7464.280099520131
7536.649294042203
7609.673590654489
7683.367493622403
7757.745507211355
7832.822135686759
7908.611883314029
7985.129254358578
8062.388753085817
8140.404883761159
8219.192150650018
8298.765058017809
8379.138110129943
8460.325811251832
8542.34266564889
8625.203177586531
8708.921851330166
8793.513191145208
8878.991701297071
8965.371886051169
9052.668249672914
9140.895296427718
9230.067530580996
9320.199456398157
9411.30557814462
9503.400400085789
9596.498426487087
9690.614161613923
9785.762109731708
9881.956775105857
9979.212662001783
10077.5442746849
10176.96611742061
10277.49269447435
10379.13851011151
10481.91806859751
10585.84587419776
10690.93643117769
10797.20424380269
10904.66381633819
11013.32965304959
11123.21625820231
11234.33813606177
11346.70979089337
11460.34572696253
11575.26044853465
11691.46845987517
11808.98426524947
11927.82236892299
12047.99727516113
12169.52348822931
12292.41551239294
12416.68785191743
12542.35501106819
12669.43149411064
12797.93180531019
12927.87044893226
13059.26192924225
13192.12075050558
13326.46141698767
13462.29843295391
13599.64630266974
13738.51953040056
13878.93262041179
14020.90007696883
14164.4364043371
14309.55610678201
14456.27368856898
14604.60365396343
14754.56050723075
14906.15875263637
15059.41289444569
15214.33743692414
15370.94688433712
15529.25574095005
15689.27851102833
15851.0296988374
16014.52380864264
16179.77534470949
16346.79881130335
16515.60871268963
16686.21955313375
16858.64583690113
17032.90206825716
17209.00275146727
17386.96239079687
17566.79549051138
17748.5165548762
17932.14008815675
18117.68059461844
18305.15257852669
18494.5705441469
18685.94899574449
18879.30243758488
19074.64537393347
19271.99230905568
19471.35774721693
19672.75619268262
19876.20214971817
20081.71012258899
20289.29461556049
20498.97013289809
20710.75117886721
20924.65225773324
21140.68787376161
21358.87253121773
21579.22073436701
21801.74698747487
22026.46579480672
