1
1.010059783501046
1.020220821720407
1.030484169076002
1.040850879985745
1.051322008867552
1.061898610139339
1.072581738219022
1.083372447524518
1.094271792473742
1.105280827484609
1.116400606975037
1.12763218536294
1.138976618261673
1.150435023214836
1.162008608512731
1.173698589669413
1.185506182198939
1.197432601615366
1.209479063432751
1.22164678316515
1.233936976326619
1.246350858431217
1.258889644992998
1.27155455152602
1.28434679354434
1.29726759600017
1.310318278321374
1.323500214352898
1.336814778593576
1.350263345542246
1.363847289697744
1.377567985558906
1.391426807624568
1.405425130393567
1.419564328364739
1.433845776036921
1.448270847908947
1.46284091848755
1.477557399680502
1.492421827223704
1.507435762445251
1.522600766673237
1.537918401235757
1.553390227460906
1.56901780667678
1.584802700211472
1.600746469393078
1.616850675549693
1.633116880009412
1.649546644100329
1.666141531705633
1.68290319637744
1.699833402851496
1.716933922784061
1.734206527831393
1.751652989649754
1.769275079895403
1.787074570224599
1.805053232293603
1.823212837758674
1.841555158276073
1.860081965502058
1.878795031092891
1.89769614505594
1.916787245842871
1.936070343807701
1.955547449775959
1.975220574573173
1.995091729024872
2.015162923956585
2.035436170193839
2.055913478562162
2.076596859887085
2.097488324994133
2.118589884708837
2.139903549948441
2.161431395921002
2.183175674642675
2.205138668259492
2.227322658917486
2.249729928762689
2.272362759941134
2.295223434598854
2.31831423488188
2.341637442936246
2.365195340907983
2.388990210943125
2.413024335187703
2.437300001500187
2.461819641624817
2.486585838498826
2.511601182234449
2.536868262943921
2.562389670739476
2.588167995733351
2.614205828037781
2.640505757765
2.667070375027244
2.693902269936748
2.721004032605746
2.748378253146476
2.776027555638809
2.803954788486963
2.832162891058806
2.860654802981777
2.88943346388332
2.918501813390874
2.947862791131883
2.977519336733786
3.007474389824027
3.037730890030045
3.068291776979284
3.099159990299183
3.130338470069753
3.161830265937263
3.193638679059294
3.22576704574543
3.258218702305256
3.290996985048355
3.324105230284309
3.357546774322704
3.391324953473122
3.425443104045148
3.459904562348364
3.494712664692354
3.529870747386702
3.56538215884109
3.601250475417049
3.637479476534548
3.67407294871409
3.711034678476177
3.748368452341311
3.786078056829994
3.82416727846273
3.862639903760019
3.901499719242366
3.940750511430271
3.980396066844238
4.020440172004768
4.060886675252887
4.101739760597661
4.143003725434982
4.184682867249172
4.22678148352456
4.269303871745471
4.31225432939623
4.355637153961164
4.399456642924597
4.443717093770855
4.488422803984267
4.533578071049155
4.579187194018118
4.625254655882338
4.671785293779537
4.718783985108724
4.766255607268904
4.814205037659086
4.862637153678278
4.911556832725486
4.960968952199718
5.010878389499983
5.061290022025285
5.112208727174633
5.163639382347036
5.215586889546833
5.268056508096596
5.321053766937229
5.374584201637759
5.428653347767218
5.483266740894631
5.538429916589029
5.59414841041944
5.650427757954894
5.707273494764418
5.764691156417041
5.822686278481793
5.881264396527701
5.940431156969875
6.000192703156889
6.060555317636301
6.12152528296248
6.1831088816898
6.245312396372628
6.308142109565338
6.371604303822301
6.435705261697889
6.500451265746471
6.56584859852242
6.631903542580107
6.698622384951796
6.766011717127395
6.834078624320105
6.902830236869956
6.972273685116978
7.042416099401201
7.113264610062656
7.184826347441369
7.257108441877374
7.330118023710699
7.403862223281375
7.478348170929429
7.553582996994894
7.629573880241182
7.706328553820369
7.783855104544011
7.86216162494039
7.941256207537788
8.021146944864491
8.10184192944878
8.183349253818935
8.265677010503246
8.348833292029994
8.432826190927457
8.517663799723923
8.603354210950625
8.689905713307821
8.777327322823821
8.865628224055564
8.954817601559993
9.044904639894051
9.135898523614676
9.227808437278808
9.320643565443392
9.414413092665367
9.509126203501673
9.604792082509251
9.701419914245042
9.799018894577987
9.897598716698049
9.997169755261709
10.097742434216
10.19932717750796
10.30193440908462
10.40557455289302
10.51025803288018
10.61599527299316
10.72279669717898
10.83067272938467
10.93963379355728
11.04969031364383
11.1608528063669
11.27313264002234
11.3865416407905
11.5010916392553
11.61679446600068
11.73366195161058
11.85170592666893
11.97093822175966
12.09137066746671
12.21301509437401
12.3358833330655
12.45998721412511
12.58533856832187
12.71194956894096
12.83983344159024
12.96900361330612
13.09947351112498
13.23125656208323
13.36436619321726
13.49881583156346
13.63461890415823
13.77178883803797
13.91033906023908
14.05028299779794
14.19163407775095
14.33440575339492
14.47861228041265
14.62426884554865
14.77139068772158
14.91999304585011
15.0700911588529
15.22170026564863
15.37483560515597
15.52951241629358
15.68574593798012
15.84355140913428
16.0029440686747
16.16393915552008
16.32655208240639
16.49079955718248
16.6566988723025
16.82426732306793
16.9935222047802
17.16448081274079
17.33716044225117
17.51157838861278
17.68775194712708
17.86569841309554
18.04543508181961
18.22697924860075
18.41034821010372
18.59555985206439
18.78263356637635
18.97158898221797
19.16244572876762
19.35522343520365
19.54994173070443
19.74662024444832
19.94527860561368
20.14593644337888
20.34861338692226
20.5533290654222
20.76010310805706
20.96895520131111
21.17990631134439
21.39297866303763
21.60819453438603
21.8255762033848
22.04514594802916
22.26692604631433
22.49093877623551
22.71720641578794
22.94575124296681
23.17659553576735
23.40976157218477
23.64527163021428
23.88314830738735
24.12341615117867
24.36610044448656
24.61122647156192
24.85881951665566
25.10890486401866
25.36150779790186
25.61665360255615
25.87436756223244
26.13467496118164
26.39760108365466
26.66317121390241
26.93141064184227
27.20234565515066
27.47600467512726
27.75241639795133
28.03160951980208
28.31361273685879
28.5984547453007
28.88616424130706
29.1767699210571
29.47030048073008
29.76678461650523
30.06625102456182
30.36872840107909
30.67424556151936
30.98283333999329
31.29452425357457
31.60935087078606
31.92734576015059
32.24854149019102
32.5729706294302
32.90066574639097
33.23165940959617
33.56598418756865
33.90367264883127
34.24475736190686
34.58927089531829
34.93724639552993
35.2887199145436
35.64372841544982
36.00230886166004
36.36449821658571
36.73033344363828
37.09985150622919
37.47308936776989
37.85008399167183
38.23087234134645
38.61549138020521
39.00397807165952
39.39636939707472
39.79270400321523
40.19302352918157
40.59736992633248
41.00578514602672
41.41831113962302
41.83498985848014
42.25586325395682
42.6809732774118
43.11036188020383
43.54407101369166
43.98214262923404
44.4246186781897
44.87154135112409
45.32295598979491
45.77891015992383
46.23945147390462
46.70462754413102
47.17448598299681
47.64907440289576
48.12844041622161
48.61263163536815
49.10169567272913
49.59568014069831
50.09463265166945
50.59860081803632
51.10763328286619
51.62178297150409
52.14110392129269
52.66565016957689
53.19547575370149
53.73063471101141
54.27118107885146
54.81716889456656
55.3686521955015
55.92568501900117
56.48832140241043
57.05661538307413
57.6306210468551
58.21039522136064
58.79599888929356
59.3874933799509
59.98494002262966
60.5884001466269
61.19793508123964
61.81360615576491
62.43547469949974
63.06360204174114
63.69804951178618
64.33887843893187
64.98615015247522
65.63992644716362
66.30027398725427
66.96726233931905
67.64096110860379
68.32143990035433
69.00876831981657
69.70301597223636
70.4042524628595
71.1125473969319
71.82797037969939
72.55059101640784
73.28047891230307
74.01770367283416
74.76233671812598
75.51445570665213
76.27413963638725
77.04146750530593
77.81651831138282
78.59937105259253
79.3901047269097
80.18879833230892
80.99553086676482
81.81038132825203
82.63342871474521
83.46475202421891
84.30443037272966
85.15254733236371
86.00919218717215
86.87445459533976
87.7484242150513
88.63119070449159
89.52284372184539
90.42347292529746
91.3331679730326
92.25201852323562
93.18011423409125
94.11754476378427
95.06439977049949
96.02076979582898
96.98675283151063
97.96245060640604
98.94796487742903
99.94339740149351
100.9488499355133
101.9644242364022
102.9902220610741
104.0263451664429
105.0728953094224
106.1299742469264
107.1976837358689
108.2761255365474
109.3654045589432
110.4656346992175
111.5769314456501
112.6994102865205
113.8331867101084
114.9783762046934
116.1350942585553
117.3034563599736
118.483577997228
119.6755746585981
120.8795618323636
122.0956550068042
123.3239699370452
124.5646295338076
125.8177644793822
127.0835058463637
128.3619847073469
129.6533321349267
130.9576792016977
132.2751569802547
133.6058965431926
134.9500289631062
136.3076853125902
137.6789966642393
139.0640940906485
140.4631103063976
141.87618931135
143.3034798490007
144.7451306792513
146.2012905620032
147.6721082571578
149.1577325246168
150.6583121242815
152.1739958160535
153.7049323598343
155.2512705155253
156.8131590430281
158.3907467208644
159.9841877113071
161.5936489847801
163.2192993752668
164.8613077167508
166.5198428432152
168.1950735886436
169.8871687870193
171.5962972723258
173.3226278785463
175.0663294396644
176.8275707896634
178.6065207625267
180.4033487628289
182.2182355565144
184.0513723703964
185.9029508213935
187.7731625264244
189.6621991024077
191.5702521662623
193.4975133349068
195.4441742252598
197.4104264542402
199.3964616387665
201.4024713957575
203.4286473421318
205.4751840929023
207.542293184823
209.6301920857696
211.7390982699897
213.8692292117312
216.0208023852418
218.1940352647692
220.3891453245611
222.6063500388653
224.8458668819295
227.1079133280014
229.3927068513288
231.7004649942028
234.0314143636547
236.3857996377362
238.763867637285
241.1658651831392
243.5920390961365
246.0426361971149
248.5179033069123
251.0180872463665
253.5434348363154
256.0941928975971
258.6706082510493
261.2729277175098
263.901399286758
266.5562887950044
269.2378760008547
271.9464410318487
274.6822640155265
277.4456250794281
280.2368043510932
283.0560819580618
285.9037380278741
288.7800526880697
291.6853060661888
294.6197782897712
297.5837494863569
300.5775051743313
303.6013559784244
306.6556198265609
309.7406146474834
312.8566583699346
316.0040689226569
319.183164234393
322.3942622338854
325.6376808498768
328.9137380111096
332.2227516463266
335.5650396842702
338.9409202541676
342.3507265307345
345.7948169320406
349.2735522890324
352.7872934326561
356.3364011938583
359.9212364035854
363.5421598927839
367.1995324924001
370.8937150333806
374.6250683466716
378.3939532632198
382.2007306139714
386.0457635442339
389.9294429447016
393.852178013894
397.814378274306
401.8164532484328
405.8588124587693
409.9418654278105
414.0660216780515
418.2316907319873
422.4392821121129
426.6892053409234
430.9818699409138
435.3176854345977
439.6970709089746
444.1204822836608
448.5883843432754
453.1012418724374
457.6595196557655
462.2636824778787
466.914195123396
471.6115223769362
476.3561290231184
481.1484798465614
485.9890396318842
490.8782731637056
495.816645743731
500.8046473132546
505.8428027260442
510.93163948607
516.071685097302
521.2634670637103
526.5075128892653
531.8043500779371
537.1545061336956
542.5585085605111
548.0168848623538
553.5301625431937
559.098869107001
564.7235365139758
570.404739427875
576.1430762793281
581.9391457551828
587.7935465422871
593.7068773274895
599.6797367976375
605.7127236395795
611.8064365401638
617.9614741862373
624.178435264649
630.4579184622464
636.800522471777
643.2068627339639
649.6776081002129
656.2134380458687
662.8150320462762
669.4830695767799
676.2182301127252
683.0211931294564
689.8926381023185
696.8332445066563
703.8436918178145
710.9246595111382
718.0768270619718
725.3008751638862
732.5975243600743
739.9675429917908
747.4117022247057
754.9307732244889
762.5255271568102
770.1967351873396
777.9451684817468
785.7715982057017
793.6767955248743
801.6615316049343
809.7265776115519
817.8727047103966
826.1006924509218
834.4113854577544
842.8056587870143
851.2843876676484
859.8484473286032
868.4987129988258
877.2360599072625
886.0613632828606
894.9754983545664
903.9793403513271
913.073764502089
922.2596460357994
931.5378602345439
940.9093112727767
950.3749799317889
959.9358595463972
969.592943451418
979.3472249816683
989.1996974719647
999.1513542571233
1009.203188671961
1019.356194051295
1029.611363729941
1039.969691042716
1050.432169324437
1060.999794597781
1071.673626582998
1082.45478975835
1093.344411502063
1104.343619192364
1115.453540207479
1126.675301925635
1138.010031725059
1149.458856983976
1161.022905080615
1172.703303393201
1184.501179299961
1196.417660179121
1208.453888876096
1220.611106413798
1232.890592213196
1245.293625784123
1257.821486636413
1270.4754542799
1283.256808224416
1296.166827979796
1309.206793055874
1322.377982962481
1335.681677209453
1349.119155306623
1362.691697002891
1376.400631132552
1390.247395271838
1404.233441591259
1418.360222261325
1432.629189452547
1447.041795335433
1461.599492080494
1476.30373185824
1491.155966839179
1506.157649193823
1521.310231092682
1536.615164706264
1552.073907847857
1567.688019027605
1583.45914353588
1599.388929503187
1615.479025060033
1631.731078336923
1648.146737464365
1664.727650572863
1681.475465792925
1698.391831255057
1715.478395089764
1732.736805427554
1750.168710398932
1767.775786195612
1785.559855609444
1803.522789148537
1821.666457346792
1839.992730738106
1858.503479856379
1877.200575235509
1896.085887409395
1915.161286911936
1934.428644277031
1953.889830038579
1973.546714730477
1993.401169676833
2013.455148367215
2033.710757102474
2054.170118831644
2074.835356503761
2095.708593067858
2116.791951472969
2138.087554668129
2159.597525602372
2181.323987224733
2203.269062484245
2225.434874329943
2247.823545710861
2270.437210969218
2293.278161963665
2316.348805505292
2339.651551019882
2363.188807933217
2386.962985671078
2410.976493659248
2435.231741323508
2459.731138089642
2484.477093383431
2509.472016630657
2534.718317257102
2560.218404688548
2585.974738527584
2611.989994927537
2638.266908448041
2664.808213649607
2691.61664509275
2718.694937337983
2746.045824945817
2773.672042476768
2801.576324491346
2829.761405550065
2858.230020213439
2886.98490304198
2916.028790788626
2945.364555838453
2974.995283190422
3004.924076414383
3035.154039080172
3065.688274757632
3096.52988701661
3127.681979426946
3159.147655558483
3190.930018981065
3223.032173264534
3255.457221978733
3288.208268693506
3321.288439271262
3354.701103472774
3388.449781460316
3422.537995608224
3456.969268290841
3491.747121882507
3526.875078757561
3562.356661290345
3598.195391855198
3634.394792826461
3670.958386578474
3707.889695485577
3745.192241926451
3782.869636854384
3820.925807429665
3859.36475134578
3898.190466296209
3937.406949974437
3977.018200073947
4017.028214288223
4057.440990310749
4098.260525835007
4139.490818554481
4181.135866162655
4223.199666353011
4265.686222251686
4308.599757973821
4351.944790505593
4395.725857000602
4439.947494612452
4484.61424049475
4529.730631801093
4575.301205685088
4621.330499300336
4667.823049800441
4714.783394339008
4762.216070069638
4810.125614145933
4858.516606228129
4907.39399987352
4956.762942836121
5006.628584525679
5056.996074351941
5107.870561724659
5159.257196053574
5211.16112674844
5263.587503219001
5316.541474875007
5370.028191126204
5424.052801382339
5478.620455173428
5533.736456227988
5589.406564760639
5645.63662505778
5702.432481405814
5759.799978091138
5817.744959400152
5876.273269619256
5935.390753034852
5995.103253933339
6055.416616601117
6116.336685324587
6177.869304390147
6240.020330522319
6302.795976146392
6366.202852994624
6430.247593995212
6494.936832076351
6560.27720016624
6626.275331193074
6692.93785808505
6760.271413770363
6828.282631177211
6896.97814323379
6966.364582868297
7036.448583008927
7107.236855901095
7178.736681302084
7250.955586195239
7323.901098585084
7397.580746476143
7472.002057872941
7547.17256078
7623.099783201844
7699.791253142999
7777.254498607987
7855.49704760133
7934.526428127557
8014.350168945603
8094.976063186223
8176.412555944265
8258.668191036291
8341.751512278852
8425.671063488504
8510.435388481803
8596.053031075304
8682.532535085562
8769.882444329134
8858.111302622568
8947.227653782431
9037.240041625269
9128.157036831875
9219.98777617112
9312.741935140702
9406.429210626487
9501.059299514349
9596.641898690154
9693.186705039772
9790.703415449074
9889.201726803929
9988.691335990203
10089.18193989377
10190.6832354005
10293.20491939625
10396.75683401828
10501.34967376771
10606.99444308149
10713.70214683875
10821.48378991857
10930.35037720009
11040.31291356241
11151.38240388464
11263.56985304589
11376.88626592527
11491.34264740189
11606.95000235487
11723.71933859488
11841.66211097947
11960.79069730611
12081.11758946873
12202.65527936132
12325.41625887782
12449.41301991218
12574.65805435838
12701.16385411035
12828.94291106207
12958.00771710748
13088.37076414055
13220.04454405522
13353.04160396668
13487.37537816323
13623.060016433
13760.1096889521
13898.53856589666
14038.36081744278
14179.59061376659
14322.24212504419
14466.32952145169
14611.86697316522
14758.86865036088
14907.34872321479
15057.32136190306
15208.80100232112
15361.8033660503
15516.34456300048
15672.44070316347
15830.10789653112
15989.36225309525
16150.21988284768
16312.69689578026
16476.8094018848
16642.57351115315
16810.00533357712
16979.12097914855
17149.93656637602
17322.46892253419
17496.73610541472
17672.75629573837
17850.54767422592
18030.12842159814
18211.51671857583
18394.73074587973
18579.78868423065
18766.70871434935
18955.50901695661
19146.2077727732
19338.82316251992
19533.37349419955
19729.87867476471
19928.35970237415
20128.83759625017
20331.33337561504
20535.86805969105
20742.46266770047
20951.1382188656
21161.91573240872
21374.81622755211
21589.86072351805
21807.07023952882
22026.46579480672
