1
1.010056006135391
1.020213322535867
1.030473059166113
1.040836325990813
1.051304232974652
1.061877890082314
1.072558407278485
1.083346894527848
1.094244461795089
1.105252219044891
1.116371276241939
1.127602743350919
1.138947730336514
1.15040734716341
1.16198270379629
1.173674910199839
1.185485076338743
1.197414312177685
1.20946372768135
1.221634432814424
1.233927537541589
1.246344151827532
1.258885385636935
1.271552348934485
1.284346151684866
1.297267907330311
1.310318877651367
1.32350052509705
1.336814326360412
1.350261758134506
1.363844297112387
1.377563419987107
1.391420603451721
1.405417324199282
1.419555058922842
1.433835284315456
1.448259477070177
1.462829113880058
1.477545671438153
1.492410626437515
1.507425455571197
1.522591635532254
1.537910643013739
1.553383954708704
1.569013047310204
1.584799397511291
1.60074448200502
1.616849777484443
1.633116760642615
1.649546908172588
1.666141696767417
1.682902635002753
1.699831491839437
1.716930163386119
1.734200546612274
1.75164453848738
1.769264035980915
1.787060936062356
1.805037135701181
1.823194531866867
1.841535021528891
1.860060501656731
1.878772869219865
1.89767402118777
1.916765854529923
1.936050266215802
1.955529153214884
1.975204412496647
1.995077941030568
2.015151635786125
2.035427393732795
2.055907111840055
2.076592687077384
2.097486016414258
2.118588996820155
2.139903525264553
2.161431499055262
2.183174956881166
2.205136296910394
2.227317973601297
2.249722441412224
2.272352154801526
2.295209568227552
2.318297136148654
2.34161731302318
2.36517255330948
2.388965311465905
2.412998041950806
2.437273199222531
2.461793237739432
2.486560611959858
2.511577776342159
2.536847185344686
2.562371293425787
2.588152555043815
2.614193424657118
2.640496356724046
2.66706380570295
2.69389822605218
2.721002072230087
2.748377798695019
2.776027859905327
2.803954728965063
2.83216123928066
2.860650550150639
2.88942583261542
2.918490257715426
2.947846996491075
2.977499219982791
3.007450099230994
3.037702805276105
3.068260509158546
3.099126381918736
3.130303594597098
3.161795318234052
3.19360472387002
3.225734982545422
3.25818926530068
3.290970743176215
3.324082587212447
3.357527968449798
3.39131005792869
3.425432026689542
3.459897045772777
3.494708286218815
3.529868919068076
3.565382115360984
3.601251046137958
3.637479003965535
3.674069894174751
3.711027814794301
3.748356863923207
3.786061139660494
3.824144740105184
3.862611763356302
3.901466307512869
3.940712470673908
3.980354350938444
4.020396046405501
4.0608416551741
4.101695275343264
4.142961005012017
4.184642942279384
4.226745185244385
4.269271832006045
4.312226980663389
4.355614729315437
4.399439176061213
4.443704418999742
4.488414556230045
4.533573685851146
4.579185905962069
4.625255314661836
4.67178601586465
4.71878253662993
4.766250106563529
4.814194021509842
4.862619577313262
4.911532069818181
4.960936794868993
5.01083904831009
5.061244125985866
5.112157323740712
5.163583937419022
5.21552926286519
5.267998595923609
5.320997232438669
5.374530468254766
5.428603599216291
5.483221921167638
5.538390729953199
5.594115321417368
5.650400991404537
5.707253035759101
5.76467675032545
5.822677430947978
5.881260373471079
5.940430873739143
6.000194227596568
6.060555816490759
6.121521929801258
6.183099403757054
6.245295082102352
6.308115808581361
6.371568426938283
6.435659780917324
6.500396714262692
6.565786070718591
6.631834694029229
6.69854942793881
6.765937116191539
6.834004602531625
6.902758730703271
6.972206344450682
7.042354287518067
7.113209403649629
7.184778536589576
7.257068530082113
7.330086227871446
7.40383847370178
7.478332111317322
7.553573984462274
7.629570936880848
7.706329812317244
7.783857454667417
7.862161123608999
7.941249400975026
8.021131130814133
8.101815157174961
8.183310324106147
8.265625475656325
8.348769455874132
8.432751108808208
8.517579278507188
8.603262809019713
8.689810544394414
8.77723132867993
8.865534005924902
8.954727420177962
9.044820415487752
9.135821835902906
9.227740525472059
9.320585328243855
9.414365088266923
9.509088649589907
9.604764856261442
9.701402552330162
9.799010581844707
9.897597788853712
9.997173017405819
10.09774515390684
10.1993242603703
10.30192169854752
10.40554889745145
10.51021728609502
10.61593829349118
10.72272334865286
10.830583880593
10.93953131832456
11.04957709086046
11.16073262721364
11.27300935639706
11.38641870742365
11.50097210930635
11.61668099105809
11.73355678169183
11.85161091022051
11.97085480565706
12.09129989701442
12.21295761330554
12.33583938354336
12.45995663674081
12.58532080191084
12.71194330806639
12.8398355842204
12.96900905938581
13.0994754998696
13.23124882599783
13.36434380525958
13.49877520717122
13.63455780124915
13.77170635700976
13.91023564396944
14.05016043164457
14.19149548955155
14.33425558720677
14.4784554941266
14.62410997982745
14.7712338138257
14.91984176563774
15.06994860477995
15.22156910076874
15.37471802312048
15.52941014135157
15.68566022497839
15.84348304351733
16.00289336648479
16.16390596339715
16.32653560377079
16.49079705712212
16.65670509296751
16.82427448966539
16.99352133157474
17.16446437760484
17.33712271414758
17.51151542759482
17.68766160433844
17.86558033077031
18.04529069328232
18.22681177826634
18.41016267211423
18.59536246121788
18.78243023196916
18.97138507075994
19.16224606398211
19.35503229802753
19.54976285928808
19.74645683415564
19.94513330902208
20.14581137027928
20.3485101043191
20.55324859753344
20.76004593631415
20.96892120705311
21.17989349614221
21.39298188997332
21.6082054749383
21.82558355410749
22.04513848309358
22.2668948740122
22.49087739187901
22.71711070170966
22.94561946851982
23.17642835732513
23.40956203314125
23.64504516098382
23.88290240586852
24.12315843281099
24.36583790682689
24.61096549293187
24.85856585614161
25.10866366147171
25.36128357393788
25.61645025855574
25.87418838034096
26.13452260430919
26.39747759547608
26.66307801885731
26.9313485394685
27.20231382232532
27.47599853244344
27.75242733483849
28.03162489452614
28.31361707804862
28.59843455805452
28.886109208719
29.17667290421723
29.47015751872436
29.76659492641558
30.06601700146603
30.3684556180509
30.67394265034533
30.9825099725245
31.29418945876358
31.60901298323772
31.9270124201221
32.24821964359187
32.57266652782221
32.90038494698828
33.23140677526525
33.56576388682827
33.90348815585252
34.24461145651316
34.58916566298535
34.93718264944427
35.28869429006507
35.64373245902292
36.00232903049298
36.36451596699319
36.73032899938963
37.09980895627836
37.47299702810724
37.84993440532419
38.2306622783771
38.61522183771388
39.0036542737824
39.39600077703057
39.79230253790631
40.19260074685749
40.59693659433204
41.00535127077784
41.41788596664277
41.83458187237476
42.25548017842168
42.68062207523145
43.11004875325197
43.54380140293112
43.98192121471681
44.42444937905694
44.87142708639941
45.3228955271921
45.77889589188293
46.23946937091979
46.70465715475057
47.17450134713367
47.64905151083427
48.12836085089975
48.6124825970369
49.10146997895252
49.59537622635339
50.0942545689463
50.59815823643805
51.1071404585354
51.62125446494517
52.14055348537411
52.66509074952904
53.19491948711674
53.73009292784398
54.27066430141756
54.8166868375443
55.36821376593093
55.92529831628426
56.4879937183111
57.0563532017182
57.63042999621237
58.2102773315004
58.79594843728906
59.38749654328516
59.98497487919548
60.58843668416885
61.19793914294798
61.81354947244672
62.43533646049888
63.06336889493829
63.69771556359871
64.33844525431402
64.98562675491797
65.63932885324444
66.29962033712718
66.96656999440002
67.64024661289679
68.32071898045128
69.00805588489733
69.70232611406871
70.40359845579928
71.11194169792283
71.82742462827315
72.55011603468407
73.28008470498943
74.01739942702301
74.76212898861863
75.51434217761009
76.27410778183122
77.04149458911584
77.81657138729774
78.59940748736248
79.39008230947881
80.18868441753193
80.99530270485539
81.81002606478275
82.63294339064757
83.46414357578341
84.30371551352381
85.15174809720232
86.00833022015253
86.87355077570795
87.74749865720219
88.63026275796875
89.52193197134123
90.42259519065315
91.33234130923807
92.25125922042956
93.17943781756119
94.11696599396649
95.06393264297901
96.02042665793232
96.98653693215999
97.96235235899553
98.94796183177252
99.94345424382455
100.9489184884851
101.9644468650111
102.9901488461603
104.0261393052865
105.0725331177145
106.129445158769
107.196990303775
108.275283428057
109.36443940694
110.4645731157488
111.575799429808
112.6982332244426
113.8319893749773
114.9771827567369
116.1339282450462
117.30234071523
118.482535042613
119.6746261025201
120.8787287702761
122.0949579212057
123.3234284306337
124.564255173885
125.8175530262843
127.0834368631564
128.362021559826
129.6534219916181
130.9577531968728
132.2751420758484
133.6057352231023
134.9496810900394
136.3071281280644
137.6782247885821
139.0631195229975
140.4619607827152
141.87489701914
143.3020766836769
144.7436482277306
146.1997601027059
147.6705607600076
149.1561986510406
150.6568222272096
152.1725799399195
153.703620240575
155.250091580581
156.8121424113423
158.3899211842638
159.98357635075
161.5932563622061
163.2191096700366
164.8612847256465
166.5199299804405
168.1951938858235
169.8872272927722
171.5962065028671
173.3223231466412
175.0657690652897
176.8267361000077
178.6054160919903
180.4020008824326
182.2166823125298
184.0496522234768
185.9011024564689
187.7712248527012
189.6602112533687
191.5682534996665
193.4955434327898
195.4422728939337
197.4086337242933
199.3948177650637
201.4010168574399
203.4274228426172
205.4742275617906
207.5416228561552
209.6298005669062
211.7389525352386
213.8692706023475
216.0209466094281
218.1941724019291
220.3891514803554
222.6061244074391
224.845339096254
227.1070434598744
229.3914854113743
231.6989128638276
234.0295737303085
236.3837159238908
238.7615873576487
241.1634359446562
243.5895095979873
246.040056230716
248.5153237559164
251.0155600866625
253.5410131360283
256.0919308170879
258.6685610429152
261.2711517265844
263.8999507811693
266.5552061197442
269.2371656553829
271.9460773011595
274.6821889701481
277.4457485754226
280.2370040300572
283.0562044344658
285.9036318432459
288.7796047447441
291.6844435127591
294.6184685210895
297.5820001435342
300.5753587538916
303.5988647259607
306.6528384335398
309.7376002504279
312.8534705504235
316.0007697073256
319.1798180949324
322.3909360870429
325.6344440574556
328.9106623799694
332.2199114283828
335.5625115764945
338.9387831981033
342.3490466670078
345.7936223570067
349.2728306418986
352.7869918954823
356.3364264915565
359.9214548039197
363.5423972063708
367.199583527609
370.8934039769911
374.6242725112315
378.3926031438734
382.1988098884598
386.043306758534
389.9265077676391
393.8488269293184
397.8106782571149
401.8124757645718
405.8546334652323
409.9375653726395
414.0616855003366
418.2274078618668
422.4351464707733
426.6853153405991
430.9783284848875
435.3145999171817
439.6945436510246
444.1185736999597
448.58710407753
453.1005487972787
457.659321872749
462.2638373174839
466.9145091450266
471.6117516167769
476.3560156034541
481.1478269477715
485.9877206723124
490.87623179966
495.8138953523973
500.8012463531075
505.8388198243735
510.9271507887786
516.066774268906
521.2582252873385
526.5020388666595
531.7987500294521
537.1488937982994
542.5530051957842
548.0116192444901
553.5252709669999
559.0944953858968
564.7198275237639
570.4018024031843
576.1409550467413
581.9378204770176
587.7929337165967
593.7068297880616
599.6800437139954
605.7131105169811
611.8065712934509
617.9610527075415
624.177244676826
630.4558386017493
636.7975258827562
643.2029979202921
649.6729461148016
656.2080618667301
662.8090365765225
669.4765616446241
676.2113284714795
683.0140284575339
689.8853530032325
696.8259935090201
703.8366413753419
710.917988002643
718.0707247913682
725.2955431419629
732.5931344548717
739.9641901305398
747.4094015694124
754.9294601719345
762.5250573385508
770.1968844697068
777.9456329658474
785.7719942274175
793.6766933356221
801.6605900947051
809.7245779896703
817.8695505055216
826.096401127263
834.4060233398981
842.7993106284308
851.2771564778649
859.8404543732044
868.4900977994528
877.2269802416142
886.0519951846925
894.9660361136911
903.9699965136144
913.0647698694659
922.2512496662492
931.5303293889688
940.902902522628
950.3698625522308
959.932102962781
969.5905172392825
979.3459988667389
989.1994413301542
999.1517381145325
1009.203782704877
1019.356471062579
1029.610804781797
1039.967928354128
1050.428996414452
1060.995163597649
1071.667584538597
1082.447413872177
1093.335806233267
1104.333916256747
1115.442898577498
1126.663907830397
1137.998098650324
1149.446625672159
1161.010643530782
1172.691306861071
1184.489770297906
1196.407188476167
1208.444716030734
1220.603507596484
1232.884717808298
1245.289501301056
1257.819012709637
1270.47440666892
1283.256837813784
1296.16746077911
1309.207430199775
1322.377926312349
1335.680338442369
1349.116158014905
1362.68687714627
1376.393987952778
1390.238982550741
1404.223353056473
1418.348591586287
1432.616190256497
1447.027641183415
1461.584436483355
1476.288068272631
1491.140028667555
1506.141809784441
1521.294903739603
1536.600802649353
1552.060998630005
1567.676983797872
1583.450250269268
1599.382290160505
1615.474595587898
1631.728658667758
1648.145971516401
1664.728026250138
1681.476314985283
1698.392330102823
1715.477674583783
1732.734232623771
1750.16393245329
1767.768702302841
1785.550470402928
1803.511164984053
1821.652714276718
1839.977046511427
1858.48608991868
1877.181772728982
1896.066023172834
1915.140769480739
1934.407939883199
1953.869462610716
1973.527265893795
1993.383277962936
2013.439427048643
2033.697641381417
2054.159849191762
2074.827978710179
2095.703958167172
2116.789715793242
2138.087179818893
2159.598278474627
2181.324939990946
2203.269107263669
2225.433006575565
2247.819120531783
2270.429940972775
2293.26795973899
2316.335668670882
2339.635559608902
2363.1701243935
2386.941854865129
2410.95324286424
2435.206780231284
2459.704958806712
2484.450270430977
2509.445206944529
2534.69226018782
2560.193922001301
2585.952684225424
2611.97103870064
2638.251477267401
2664.796491766158
2691.608574037362
2718.690215921465
2746.043909258919
2773.672145890173
2801.577417655682
2829.762216395894
2858.229129414984
2886.98122536862
2916.021724284348
2945.353846244955
2974.980811333229
3004.905839631961
3035.132151223934
3065.662966191937
3096.501504618761
3127.650986587192
3159.11463218002
3190.895661480031
3222.997294570014
3255.422751532757
3288.175252451049
3321.258017407677
3354.674266485429
3388.427219767094
3422.52009733546
3456.956119273314
3491.738505663446
3526.870476588642
3562.355252131692
3598.196052375383
3634.396097402503
3670.958611866788
3707.887153029825
3745.185830380794
3782.858805474825
3820.910239867047
3859.344295112589
3898.165132766582
3937.376914384153
3976.983801520433
4016.989955730551
4057.399538569637
4098.216711592819
4139.445636355227
4181.090474411991
4223.155387318239
4265.644536629103
4308.562083899709
4351.912190685189
4395.699018540671
4439.926729021285
4484.599483682161
4529.721444078426
4575.296771765211
4621.329628297647
4667.82417523086
4714.784574119983
4762.215053726199
4810.120555618962
4858.506450693665
4907.378115745812
4956.740927570911
5006.600262964472
5056.961498722
5107.830011639005
5159.211178510994
5211.110376133475
5263.532981301958
5316.484370811947
5369.969921458954
5423.995010038484
5478.565013346046
5533.685308177148
5589.361271327297
5645.598279592003
5702.40170976677
5759.77693864711
5817.72934302853
5876.264299706536
5935.387185476638
5995.103377134344
6055.418251475158
6116.337185414128
6177.865883387833
6240.011091327454
6302.779761717909
6366.178847044108
6430.215299790964
6494.896072443395
6560.228117486311
6626.218387404625
6692.873834683255
6760.201411807111
6828.208071261107
6896.900765530157
6966.286447099174
7036.372068453073
7107.164582076767
7178.67094045517
7250.898096073195
7323.853001415755
7397.542608967764
7471.973871214138
7547.153740639787
7623.089169729626
7699.787110968571
7777.254516841531
7855.498339833423
7934.525565473517
8014.344096424979
8094.96284932319
8176.390793276753
8258.636897394266
8341.710130784326
8425.619462555536
8510.373861816493
8595.982297675795
8682.453739242043
8769.797155623839
8858.021515929777
8947.135789268461
9037.148944748484
9128.069951478452
9219.907778566961
9312.671395122612
9406.369770254001
9501.01187306973
9596.606672678399
9693.163138188604
9790.690238708947
9889.196943348026
9988.692221214442
10089.18504141679
10190.68437306368
10293.19945578963
10396.74125685537
10501.32142298682
10606.95160253593
10713.64344385462
10821.40859529482
10930.25870520847
11040.20542194751
11151.26039386386
11263.43526930945
11376.74169663623
11491.19132419612
11606.79580034105
11723.56677342296
11841.51589179379
11960.65480380546
12080.9951578099
12202.54860215906
12325.32678520486
12449.34135529923
12574.60396079411
12701.12625004144
12828.91987139313
12957.99647320114
13088.36770381739
13220.04521812602
13353.04163584326
13487.37155255884
13623.04980579631
13760.09123307923
13898.51067193114
14038.32295987561
14179.54293443618
14322.18543313641
14466.26529349985
14611.79735305005
14758.79644931056
14907.27741980495
15057.25510205675
15208.74433358953
15361.75995192684
15516.31679459222
15672.42969910924
15830.11350300144
15989.38304379238
16150.25315900561
16312.73868616468
16476.85446279316
16642.61532641458
16810.0361145525
16979.13166473047
17149.91701414468
17322.41001295733
17496.63059073379
17672.59872578763
17850.33439643241
18029.8575809817
18211.18825774907
18394.34640504808
18579.3520011923
18766.2250244953
18954.98545327064
19145.65326583188
19338.2484404926
19532.79095556636
19729.30078936673
19927.79792020727
20128.30232640155
20330.83398626313
20535.41287810558
20742.05898024248
20950.79227098737
21161.63272865383
21374.60033155544
21589.71505800574
21806.99688631831
22026.46579480672
