1
1.65272790307878
2.305496326308233
2.958245589538633
3.610916012620251
4.263447915403363
4.915781617738238
5.567857439475152
6.219615700464378
6.870996720556187
7.521940819600852
8.172388317448648
8.822279533949846
9.471554788954721
10.12015440231354
10.76801869387658
11.41508798349413
12.06130259101643
12.70660283629377
13.35092903917643
13.99422151951468
14.63642059715878
15.27746659195901
15.91729982376566
16.55586061242897
17.19308927779925
17.82892613972674
18.46331151806172
19.09618573265448
19.72748910335528
20.3571619500144
20.9851445924821
21.61137735060866
22.23580054424436
22.85835449323947
23.47897951744426
24.09761593670899
24.71420407088396
25.32868423981942
25.94099676336565
26.55108196137294
27.15888015369153
27.76433166017172
28.36737680066376
28.96795589501795
29.56600926308455
30.16147722471383
30.75430009975606
31.34441820806151
31.93177186948047
32.51630140386321
33.09794713105999
33.6766493709211
34.25234844329679
34.82498466803734
35.39449836499304
35.96082985401414
36.52391945495094
37.08370748765369
37.64013427197266
38.19314012775814
38.74266537486039
39.28865033312972
39.83103532241633
40.36976066257056
40.90476667344264
41.43599367488287
41.96338198674153
42.48687192886885
43.00640382111514
43.52191798333066
44.03335473536568
44.5406543970705
45.04375728829534
45.54260372889053
46.03713403870631
46.52728853759295
47.01300754540075
47.49423138197994
47.97090036718084
48.44295482085369
48.91033506284877
49.37298141301638
49.83083419120675
50.28383371727018
50.73192031105693
51.17503429241728
51.61311598120152
52.04610569725987
52.47394376044268
52.89657049060015
53.31392620758258
53.72595123124027
54.13258588142344
54.53377047798242
54.92944534076744
55.3195507896288
55.70402714441676
56.08281472498157
56.45585385117356
56.82308484284294
57.18444801984004
57.53988370201508
57.88933220921838
58.23273386130018
58.57002897811076
58.90115787950042
59.22606088531939
59.54467831541797
59.85695048964642
60.16281772785501
60.46222034989405
60.75509867561376
61.04139302486445
61.32104371749639
61.59399107335982
61.86017541230507
62.11953705418234
62.37201631884196
62.61755352613419
62.85608899590927
63.08756304801756
63.31191600230922
63.5290881786346
63.73901989684394
63.94165147678753
64.13692323831565
64.32477550127854
64.50514858552648
64.67798281090978
64.84321849727868
65.00079596448344
65.15065553237439
65.29273752080174
65.42698224961579
65.55333003866683
65.67172120780509
65.78209607688089
65.88439496574448
65.97855819424612
66.0645260822361
66.14223894956469
66.21163711608217
66.27266090163879
66.32525062608485
66.36934660927061
66.40488917104635
66.43181863126233
66.45007530976882
66.45959952641613
66.46033160105449
66.45221185353418
66.4351806037055
66.40917817141869
66.37414487652404
66.33002103887182
66.27674697831232
66.21426301469577
66.14250946787249
66.06142665769272
65.97095490400676
65.87103452666484
65.76160584551729
65.64260918041435
65.51398485120627
65.37567317774338
65.22761447987591
65.06974907745415
64.90201729032836
64.72435943834883
64.53671584136582
64.33902681922962
64.13123269179047
63.91327377889868
63.68509040040449
63.4466228761582
63.19781152601007
62.93859666981037
62.66891862740939
62.38871771865738
62.09793426340462
61.7965085815014
61.48438099279797
61.16149181714461
60.82778137439161
60.48318998438923
60.12765796698771
59.76112564203738
59.38353332938847
58.99482134889128
58.59493002039608
58.18379966375313
57.7613705988127
57.32758314542507
56.88237762344053
56.42569435270934
55.95747365308176
55.47765584440807
54.98618124653854
54.48299017932347
53.96802296261308
53.44121991625771
52.90252136010757
52.35186761401297
51.7891989978242
51.21445583139148
50.62757843456511
50.02850712719538
49.41718222913251
48.79354406022685
48.15753294032861
47.50908918928808
46.84815312695554
46.17466507318126
45.48856534781554
44.7897942707086
44.07829216171072
43.35399934067222
42.61685612744333
41.86680284187436
41.10377980381554
40.32772733311717
39.5385857496295
38.73629537320283
37.92079652368745
37.09202952093358
36.24993468479151
35.39445233511153
34.5255227917439
33.64308637453892
32.74708340334682
31.83745419801788
30.9141390784024
29.97707836435062
29.02621237571288
28.06148143233936
27.08282585408039
26.09018596078622
25.08350207230714
24.06271450849344
23.02776358919535
21.97858963426315
20.91513296354713
19.83733389689756
18.74513275416474
17.63846985519887
16.51728551985028
15.38152006796923
14.23111381940599
13.06600709401086
11.88614126329168
10.69158494932829
9.482653913741009
8.259692312905852
7.023044303198859
5.773054040996056
4.510065682673472
3.234423384607139
1.946471303173087
0.6465535947473491
-0.6649855842940582
-1.987802077575086
-3.321551728719719
-4.665890381351918
-6.020473879095658
-7.38495806557491
-8.758998784413638
-10.14225187923581
-11.53437319366541
-12.9350185713264
-14.34384385584275
-15.76050489083843
-17.18465751993738
-18.61595758676363
-20.05406093494112
-21.49862340809382
-22.94930084984568
-24.4057491038207
-25.86762401364285
-27.33458142293607
-28.80627717532437
-30.28236711443169
-31.76250708388199
-33.24635292729928
-34.73356048830752
-36.22378561053065
-37.71668413759267
-39.21191191311752
-40.70912478072919
-42.20797858405169
-43.70812916670891
-45.20923237232486
-46.71094404452352
-48.21292002692884
-49.71481616316483
-51.2162882968554
-52.71699227162455
-54.21658393109625
-55.71471911889448
-57.21105367864318
-58.70524345396636
-60.19694428848796
-61.68581202583195
-63.17150250962231
-64.65367158348303
-66.13197509103803
-67.60606887591133
-69.07560878172688
-70.54025065210863
-71.99965033068059
-73.45346366106671
-74.90134648689093
-76.34295465177726
-77.77794399934966
-79.20597037323213
-80.62668961704857
-82.03975757442301
-83.44483008897939
-84.84156300434167
-86.22961216413387
-87.60863341197991
-88.97828259150387
-90.33821554632954
-91.68808812008096
-93.02755615638213
-94.35627549885703
-95.67390199112958
-96.98009147682382
-98.27449979956363
-99.55678280297309
-100.8265963306761
-102.0835962262965
-103.3274383334586
-104.5577784957861
-105.774272556903
-106.9765763604333
-108.164345750001
-109.33723656923
-110.4949046617444
-111.637005871168
-112.763196041125
-113.8731310152391
-114.9664666371345
-116.042858750435
-117.1019631987646
-118.1434358257474
-119.1669324750072
-120.1721089901681
-121.158621214854
-122.1261249926889
-123.0742761672967
-124.0027305823015
-124.9111440813272
-125.7991725079977
-126.6664717059371
-127.5126975187693
-128.3375057901182
-129.140552363608
-129.9214930828624
-130.6799837915055
-131.4156803331613
-132.1282385514536
-132.8173142900067
-133.4825633924443
-134.1236417023904
-134.740205063469
-135.3319093193041
-135.8984103135197
-136.4393638897396
-136.9544258915879
-137.4432521626886
-137.9054985466657
-138.340820887143
-138.7488750277446
-139.1293168120945
-139.4818020838165
-139.8059866865347
-140.1015264638731
-140.3680772594556
-140.6052949169061
-140.8128352798488
-140.9903541919074
-141.1375074967061
-141.2539510378687
-141.3393406590193
-141.3933322037817
-141.4155815157801
-141.4057444386383
-141.3634768159803
-141.2884344914301
-141.1802733086117
-141.038649111149
-140.8632177426659
-140.6536350467866
-140.4095568671349
-140.1306390473348
-139.8165374310102
-139.4669078617853
-139.0814061832839
-138.6596882391298
-138.2014098729473
-137.7062269283603
-137.1737952489925
-136.6037706784682
-135.9958090604112
-135.3495662384456
-134.6646980561951
-133.940860357284
-133.177708985336
-132.3748997839753
-131.5320885968257
-130.6489312675112
-129.7250836396558
-128.7602015568835
-127.7539408628183
-126.705957401084
-125.6159070153048
-124.4834455491044
-123.308228846107
-122.0899127499365
-120.8281531042168
-119.522605752572
-118.1729265386259
-116.7787713060026
-115.339795898326
-113.8556561592203
-112.3260079323091
-110.7505070612166
-109.1288093895667
-107.4605707609833
-105.7454470190906
-103.9830940075124
-102.1731675698727
-100.3153235497954
-98.40921779090453
-96.45450613682416
-94.45084443117814
-92.3978885175904
-90.29529423968503
-88.14271744108596
-85.93981396541713
-83.6862396563025
-81.38165035736611
-79.02570191223188
-76.61805016452372
-74.15835095786576
-71.64626013588186
-69.08143354219592
-66.46352702043205
-63.79219641421416
-61.06709756716633
-58.28788632291231
-55.4542185250762
-52.56575001728199
-49.62213664315358
-46.62303424631503
-43.56809867039021
-40.45698575900317
-37.2893513557778
-34.06485130433811
-30.78314144830817
-27.44387763131179
-24.04671569697295
-20.59131148891572
-17.07732085076401
-13.50439962614195
-9.872203658673243
-6.180388791981983
-2.428610869692108
1.383474264572357
5.256210767187355
9.189942794529145
13.1850145029736
17.24177004889683
21.36055358867479
25.5417092786835
29.78558127529909
34.09251373489755
38.46285081385491
42.89693666854714
47.39511545535021
51.95773133064039
56.58512845079358
61.27765097218581
66.03564305119308
70.85944884419132
75.7494125075568
80.70587819766544
85.7291900708933
90.81969228361632
95.9777289922105
101.2036443530521
106.4977825225169
111.8604876569811
117.2921039128207
122.7929754464115
128.3634464141299
134.0038609723518
139.7145632774531
145.49589748581
151.3481843679432
157.2712068197077
163.2642098622918
169.3264151310289
175.4570442612523
181.6553188882956
187.9204606474919
194.2516911741747
200.6482321036775
207.1093050713334
213.6341317124759
220.2219336624385
226.8719325565544
233.5833500301571
240.3554077185799
247.1873272571562
254.0783302812193
261.0276384261027
268.0344733271396
275.0980566196636
282.2176099390079
289.392354920506
296.6215131994912
303.9043064112969
311.2399561912565
318.6276841747031
326.0667119969705
333.5562612933919
341.0955536993006
348.6838108500301
356.3202543809136
364.0041059272847
371.7345871244765
379.5109196078227
387.3323250126564
395.1980249743112
403.1072411281202
411.059195109417
419.0531085535349
427.0882030958072
435.1637003715675
443.278822016149
451.432789664885
459.6248249531091
467.8541495161545
476.1199849893545
484.4215530080428
492.7580752075525
501.128773223217
509.5328686903698
517.9695832443442
526.4381385204734
534.9377561540911
543.4676577805305
552.027065035125
560.6151995532081
569.2312829701129
577.8745369211729
586.5441830417215
595.2394429670921
603.9595383326181
612.7036907736327
621.4711219254696
630.2610534234618
639.0727069029427
647.905303999246
656.7580663477048
665.6302155836528
674.520973342423
683.4295612593487
692.3552009697638
701.2971141090011
710.2545223123946
719.226647215277
728.212710452982
737.2119336608432
746.2235384741934
755.2467465283664
764.2807794586957
773.3248589005143
782.3782064891558
791.4400438599533
800.5095926482408
809.5860744893511
818.6687110186174
827.7567238713739
836.8493346829531
845.9457650886887
855.0452367239145
864.1469712239632
873.2501902241687
882.3541153598641
891.4579682663827
900.5609705790582
909.6623439332236
918.7613099642126
927.8570903073582
936.9489065979942
946.0359804714537
955.1175335630701
964.1927875081769
973.2609639421074
982.321284500195
991.3729708177731
1000.415244530175
1009.447327272734
1018.468440680783
1027.477806389657
1036.474646034688
1045.458181251209
1054.427633674555
1063.382224940058
1072.321176683052
1081.24371053887
1090.149048142846
1099.036411130312
1107.905021136603
1116.754099797052
1125.582868746992
1134.390549621756
1143.176364056678
1151.939533687091
1160.679280148329
1169.394825075724
1178.085390104611
1186.750196870323
1195.388467008192
1203.999422153554
1212.58228394174
1221.136274008084
1229.660613987919
1238.15452551658
1246.617230229399
1255.04794976171
1263.445905748845
1271.810319826139
1280.140413628925
1288.435408792536
1296.694526952306
1304.916989743568
1313.102018801654
1321.248835761901
1329.356662259638
1337.424719930201
1345.452230408923
1353.438415331138
1361.382496332177
1369.283695047375
1377.141233112066
1384.954332161583
1392.722213831258
1400.444099756426
1408.11921157242
1415.746770914573
1423.325999418219
1430.85611871869
1438.33635045132
1445.765916251444
1453.144037754394
1460.469936595502
1467.742834410104
1474.961952833532
1482.126513501119
1489.235738048199
1496.288848110106
1503.285065322172
1510.223611319731
1517.103707738117
1523.924576212662
1530.685438378701
1537.385515871566
1544.024030326592
1550.60020337911
1557.113256664455
1563.56241181796
1569.946890474959
1576.265914270784
1582.518704840769
1588.704483820249
1594.822472844555
1600.871893549021
1606.85196756898
1612.761916539767
1618.600962096715
1624.368325875156
1630.063229510424
1635.684894637853
1641.232542892776
1646.705395910526
1652.102675326436
1657.423602775841
1662.667399894073
1667.833288316466
1672.920489678353
1677.928225615068
1682.855717761943
1687.702187754313
1692.46685722751
1697.148947816869
1701.747681157721
1706.262278885402
1710.691962635244
1715.03595404258
1719.293474742744
1723.46374637107
1727.54599056289
1731.539428953538
1735.443283178348
1739.256774872652
1742.979125671784
1746.609557211078
1750.147291125867
1753.591549051484
1756.941552623263
1760.196523476537
1763.355683246639
1766.418253568903
1769.383456078662
1772.25051241125
1775.018644201999
1777.687073086244
1780.255020699318
1782.721708676553
1785.086358653284
1787.348192264843
1789.506431146565
1791.560296933782
1793.509011261829
1795.351795766037
1797.087872081741
1798.716461844274
1800.236786688969
1801.648068251161
1802.949528166181
1804.140388069364
1805.219869596043
1806.187194381551
1807.041584061222
1807.782260270388
1808.408444644384
1808.919358818543
1809.314224428198
1809.592263108682
1809.75269649533
1809.794746223473
1809.717633928447
1809.520581245583
1809.202809810216
1808.763541257678
1808.201997223303
1807.518110126069
1806.717998835185
1805.810967583596
1804.806346929571
1803.713467431375
1802.541659647276
1801.300254135538
1799.99858145443
1798.645972162218
1797.251756817167
1795.825265977546
1794.375830201619
1792.912780047654
1791.445446073918
1789.983158838676
1788.535248900197
1787.111046816745
1785.719883146588
1784.371088447991
1783.073993279223
1781.837928198549
1780.672223764235
1779.586210534549
1778.589219067757
1777.690579922125
1776.899623655921
1776.225680827409
1775.678081994858
1775.266157716534
1774.999238550702
1774.886655055631
1774.937737789585
1775.161817310832
1775.568224177639
1776.166288948273
1776.965342180998
1777.974714434082
1779.203736265792
1780.661738234395
1782.358050898155
1784.302004815341
1786.502930544219
1788.970158643056
1791.713019670117
1794.74084418367
1798.062962741982
1801.688705903315
1805.627404225942
1809.888388268126
1814.480988588134
1819.414535744234
1824.69836029469
1830.34179279777
1836.354163811739
1842.744803894869
1849.52304360542
1856.698213501661
1864.279644141858
1872.276666084279
1880.698609887189
1889.554806108857
1898.854585307547
1908.607278041526
1918.82221486906
1929.508726348417
1940.676143037864
1952.333795495668
1964.491014280091
1977.157129949405
1990.341473061873
2004.053374175763
2018.302163849341
2033.097172640873
2048.447731108629
2064.363169810872
2080.852819305869
2097.926010151888
2115.592072907193
2133.860338130055
2152.740136378734
2172.240798211505
2192.371654186625
2213.142034862366
2234.561270796995
2256.63869254878
2279.383630675983
2302.805415736872
2326.913378289713
2351.716848892775
2377.225158104324
2403.447636482626
2430.393614585949
2458.072422972555
2486.493392200712
2515.665852828691
2545.599135414755
2576.302570517175
2607.785488694206
2640.057220504126
2673.127096505197
2707.004447255687
2741.698603313861
2777.218895237986
2813.574653586333
2850.775208917161
2888.829891788741
2927.74803275934
2967.538962387219
3008.21201123065
3049.7765098479
3092.241788797234
3135.61717863692
3179.912009925219
3225.135613220403
3271.297319080737
3318.406458064488
3366.472360729923
3415.504357635306
3465.511779338906
3516.503956398989
3568.490219373821
3621.479898821669
3675.482325300797
3730.506829369479
3786.562741585973
3843.65939250855
3901.806112695476
3961.012232705017
4021.287083095438
4082.63999442501
4145.080297251996
4208.617322134663
4273.260399631276
4339.018860300108
4405.902034699417
4473.919253387476
4543.079846922548
4613.393145862899
4684.868480766801
4757.515182192517
4831.342580698312
4906.360006842455
4982.576791183204
5060.002264278839
5138.645756687622
5218.516598967817
5299.624121677693
5381.977655375511
5465.586530619545
5550.460077968059
5636.607627979316
5724.038511211589
5812.762058223138
5902.787599572232
5994.12446581714
6086.781987516126
6180.769495227458
6276.096319509399
6372.77179092022
6470.805240018188
6570.205997361565
6670.983393508623
6773.14675901762
6876.705424446832
6981.668720354521
7088.045977298954
7195.846525838397
7305.079696531116
7415.754819935381
7527.881226609458
7641.46824711161
7756.525212000106
7873.061451833209
7991.086297169192
8110.609078566316
8231.639126582852
8354.185771777062
8478.25834470721
8603.866175931573
8731.018596008413
8859.724935495997
8989.994524952586
9121.836694936448
9255.260776005856
9390.276098719072
9526.891993634365
9665.117791310004
9804.962822304238
9946.436417175355
10089.54790648161
10234.30662078128
10380.72189063262
10528.8030465939
10678.55941922338
10830.00033907935
10983.13513672005
11137.97314270377
11294.52368758875
11452.79610193327
11612.79971629561
11774.54386123401
11938.03786730676
12103.2910650721
12270.31278508833
12439.11235791369
12609.69911410646
12782.0823842249
12956.27149882729
13132.27578847188
13310.10458371694
13489.76721512074
13671.27301324154
13854.63130863762
14039.85143186723
14226.94271348865
14415.91448406015
14606.77607413998
14799.53681428641
14994.20603505772
15190.79306701216
15389.30724070801
15589.75788670354
15792.15433555699
15996.50591782665
16202.82196407078
16411.11180484765
16621.38477071553
16833.65019223267
17047.91739995735
17264.19572444784
17482.49449626239
17702.82304595928
17925.19070409677
18149.60680123313
18376.08066792664
18604.62163473554
18835.23903221811
19067.94219093261
19302.74044143732
19539.6431142905
19778.65954005042
20019.79904927533
20263.07097252351
20508.48464035324
20756.04938332276
21005.77453199035
21257.66941691427
21511.74336865279
21768.00571776419
22026.46579480672
