0 0
0.5 0.309017
1 0.587785
1.5 0.809017
2 0.951057
2.5 1
3 0.951057
3.5 0.809017
4 0.587785
4.5 0.309017
5 1.22465e-16
5.5 -0.309017
6 -0.587785
6.5 -0.809017
7 -0.951057
7.5 -1
8 -0.951057
8.5 -0.809017
9 -0.587785
9.5 -0.309017
10 -2.44929e-16
10.5 0.309017
11 0.587785
11.5 0.809017
12 0.951057
12.5 1
13 0.951057
13.5 0.809017
14 0.587785
14.5 0.309017
15 3.67394e-16
15.5 -0.309017
16 -0.587785
16.5 -0.809017
17 -0.951057
17.5 -1
18 -0.951057
18.5 -0.809017
19 -0.587785
19.5 -0.309017
20 -4.89859e-16


0 -0.339919
0.5 -0.0325654
1 0.277976
1.5 0.561307
2 0.789693
2.5 0.940778
3 0.999774
3.5 0.960905
4 0.827976
4.5 0.613998
5 0.339919
5.5 0.0325654
6 -0.277976
6.5 -0.561307
7 -0.789693
7.5 -0.940778
8 -0.999774
8.5 -0.960905
9 -0.827976
9.5 -0.613998
10 -0.339919
10.5 -0.0325654
11 0.277976
11.5 0.561307
12 0.789693
12.5 0.940778
13 0.999774
13.5 0.960905
14 0.827976
14.5 0.613998
15 0.339919
15.5 0.0325654
16 -0.277976
16.5 -0.561307
17 -0.789693
17.5 -0.940778
18 -0.999774
18.5 -0.960905
19 -0.827976
19.5 -0.613998
20 -0.339919


0 -0.639576
0.5 -0.370479
1 -0.065116
1.5 0.246621
2 0.534216
2.5 0.769519
3 0.929496
3.5 0.998488
4 0.96974
4.5 0.846068
5 0.639576
5.5 0.370479
6 0.065116
6.5 -0.246621
7 -0.534216
7.5 -0.769519
8 -0.929496
8.5 -0.998488
9 -0.96974
9.5 -0.846068
10 -0.639576
10.5 -0.370479
11 -0.065116
11.5 0.246621
12 0.534216
12.5 0.769519
13 0.929496
13.5 0.998488
14 0.96974
14.5 0.846068
15 0.639576
15.5 0.370479
16 0.065116
16.5 -0.246621
17 -0.534216
17.5 -0.769519
18 -0.929496
18.5 -0.998488
19 -0.96974
19.5 -0.846068
20 -0.639576


0 -0.863274
0.5 -0.664492
1 -0.400664
1.5 -0.0976175
2 0.214985
2.5 0.506543
3 0.748517
3.5 0.917221
4 0.996142
4.5 0.977552
5 0.863274
5.5 0.664492
6 0.400664
6.5 0.0976175
7 -0.214985
7.5 -0.506543
8 -0.748517
8.5 -0.917221
9 -0.996142
9.5 -0.977552
10 -0.863274
10.5 -0.664492
11 -0.400664
11.5 -0.0976175
12 0.214985
12.5 0.506543
13 0.748517
13.5 0.917221
14 0.996142
14.5 0.977552
15 0.863274
15.5 0.664492
16 0.400664
16.5 0.0976175
17 -0.214985
17.5 -0.506543
18 -0.748517
18.5 -0.917221
19 -0.996142
19.5 -0.977552
20 -0.863274


0 -0.984333
0.5 -0.879574
1 -0.688717
1.5 -0.430444
2 -0.130035
2.5 0.183102
3 0.478316
3.5 0.726709
4 0.903966
4.5 0.992738
5 0.984333
5.5 0.879574
6 0.688717
6.5 0.430444
7 0.130035
7.5 -0.183102
8 -0.478316
8.5 -0.726709
9 -0.903966
9.5 -0.992738
10 -0.984333
10.5 -0.879574
11 -0.688717
11.5 -0.430444
12 -0.130035
12.5 0.183102
13 0.478316
13.5 0.726709
14 0.903966
14.5 0.992738
15 0.984333
15.5 0.879574
16 0.688717
16.5 0.430444
17 0.130035
17.5 -0.183102
18 -0.478316
18.5 -0.726709
19 -0.903966
19.5 -0.992738
20 -0.984333


0 -0.988279
0.5 -0.990073
1 -0.894952
1.5 -0.712227
2 -0.459784
2.5 -0.162335
3 0.151005
3.5 0.449564
4 0.704116
4.5 0.889745
5 0.988279
5.5 0.990073
6 0.894952
6.5 0.712227
7 0.459784
7.5 0.162335
8 -0.151005
8.5 -0.449564
9 -0.704116
9.5 -0.889745
10 -0.988279
10.5 -0.990073
11 -0.894952
11.5 -0.712227
12 -0.459784
12.5 -0.162335
13 0.151005
13.5 0.449564
14 0.704116
14.5 0.889745
15 0.988279
15.5 0.990073
16 0.894952
16.5 0.712227
17 0.459784
17.5 0.162335
18 -0.151005
18.5 -0.449564
19 -0.704116
19.5 -0.889745
20 -0.988279


0 -0.874571
0.5 -0.982769
1 -0.994767
1.5 -0.90939
2 -0.734996
2.5 -0.488655
3 -0.194482
3.5 0.118729
4 0.420318
4.5 0.680763
5 0.874571
5.5 0.982769
6 0.994767
6.5 0.90939
7 0.734996
7.5 0.488655
8 0.194482
8.5 -0.118729
9 -0.420318
9.5 -0.680763
10 -0.874571
10.5 -0.982769
11 -0.994767
11.5 -0.90939
12 -0.734996
12.5 -0.488655
13 -0.194482
13.5 0.118729
14 0.420318
14.5 0.680763
15 0.874571
15.5 0.982769
16 0.994767
16.5 0.90939
17 0.734996
17.5 0.488655
18 0.194482
18.5 -0.118729
19 -0.420318
19.5 -0.680763
20 -0.874571


0 -0.656674
0.5 -0.85846
1 -0.976213
1.5 -0.998409
2 -0.922872
2.5 -0.756999
3 -0.517026
3.5 -0.226442
4 0.0863075
4.5 0.390608
5 0.656674
5.5 0.85846
6 0.976213
6.5 0.998409
7 0.922872
7.5 0.756999
8 0.517026
8.5 0.226442
9 -0.0863075
9.5 -0.390608
10 -0.656674
10.5 -0.85846
11 -0.976213
11.5 -0.998409
12 -0.922872
12.5 -0.756999
13 -0.517026
13.5 -0.226442
14 0.0863075
14.5 0.390608
15 0.656674
15.5 0.85846
16 0.976213
16.5 0.998409
17 0.922872
17.5 0.756999
18 0.517026
18.5 0.226442
19 -0.0863075
19.5 -0.390608
20 -0.656674


0 -0.360467
0.5 -0.631874
1 -0.841429
1.5 -0.968619
2 -1.00099
2.5 -0.935384
3 -0.778213
3.5 -0.544865
4 -0.258182
4.5 0.0537744
5 0.360467
5.5 0.631874
6 0.841429
6.5 0.968619
7 1.00099
7.5 0.935384
8 0.778213
8.5 0.544865
9 0.258182
9.5 -0.0537744
10 -0.360467
10.5 -0.631874
11 -0.841429
11.5 -0.968619
12 -1.00099
12.5 -0.935384
13 -0.778213
13.5 -0.544865
14 -0.258182
14.5 0.0537744
15 0.360467
15.5 0.631874
16 0.841429
16.5 0.968619
17 1.00099
17.5 0.935384
18 0.778213
18.5 0.544865
19 0.258182
19.5 -0.0537744
20 -0.360467


0 -0.0211645
0.5 -0.329924
1 -0.606388
1.5 -0.823495
2 -0.959992
2.5 -1.00252
3 -0.946912
3.5 -0.798614
4 -0.572143
4.5 -0.289667
5 0.0211645
5.5 0.329924
6 0.606388
6.5 0.823495
7 0.959992
7.5 1.00252
8 0.946912
8.5 0.798614
9 0.572143
9.5 0.289667
10 -0.0211645
10.5 -0.329924
11 -0.606388
11.5 -0.823495
12 -0.959992
12.5 -1.00252
13 -0.946912
13.5 -0.798614
14 -0.572143
14.5 -0.289667
15 0.0211645
15.5 0.329924
16 0.606388
16.5 0.823495
17 0.959992
17.5 1.00252
18 0.946912
18.5 0.798614
19 0.572143
19.5 0.289667
20 -0.0211645


0 0.320864
0.5 0.0114877
1 -0.299013
1.5 -0.580244
2 -0.804677
2.5 -0.950342
3 -1.00298
3.5 -0.957442
4 -0.818181
4.5 -0.598831
5 -0.320864
5.5 -0.0114877
6 0.299013
6.5 0.580244
7 0.804677
7.5 0.950342
8 1.00298
8.5 0.957442
9 0.818181
9.5 0.598831
10 0.320864
10.5 0.0114877
11 -0.299013
11.5 -0.580244
12 -0.804677
12.5 -0.950342
13 -1.00298
13.5 -0.957442
14 -0.818181
14.5 -0.598831
15 -0.320864
15.5 -0.0114877
16 0.299013
16.5 0.580244
17 0.804677
17.5 0.950342
18 1.00298
18.5 0.957442
19 0.818181
19.5 0.598831
20 0.320864


0 0.624901
0.5 0.351739
1 0.0441475
1.5 -0.267766
2 -0.553468
2.5 -0.784994
3 -0.939678
3.5 -1.00238
4 -0.966963
4.5 -0.836892
5 -0.624901
5.5 -0.351739
6 -0.0441475
6.5 0.267766
7 0.553468
7.5 0.784994
8 0.939678
8.5 1.00238
9 0.966963
9.5 0.836892
10 0.624901
10.5 0.351739
11 0.0441475
11.5 -0.267766
12 -0.553468
12.5 -0.784994
13 -0.939678
13.5 -1.00238
14 -0.966963
14.5 -0.836892
15 -0.624901
15.5 -0.351739
16 -0.0441475
16.5 0.267766
17 0.553468
17.5 0.784994
18 0.939678
18.5 1.00238
19 0.966963
19.5 0.836892
20 0.624901


0 0.854727
0.5 0.650323
1 0.382261
1.5 0.0767805
2 -0.236216
2.5 -0.52609
3 -0.764466
3.5 -0.928011
4 -1.00072
4.5 -0.975464
5 -0.854727
5.5 -0.650323
6 -0.382261
6.5 -0.0767805
7 0.236216
7.5 0.52609
8 0.764466
8.5 0.928011
9 1.00072
9.5 0.975464
10 0.854727
10.5 0.650323
11 0.382261
11.5 0.0767805
12 -0.236216
12.5 -0.52609
13 -0.764466
13.5 -0.928011
14 -1.00072
14.5 -0.975464
15 -0.854727
15.5 -0.650323
16 -0.382261
16.5 -0.0767805
17 0.236216
17.5 0.52609
18 0.764466
18.5 0.928011
19 1.00072
19.5 0.975464
20 0.854727


0 0.982936
0.5 0.871666
1 0.675071
1.5 0.412396
2 0.109352
2.5 -0.204396
3 -0.498136
3.5 -0.743115
4 -0.915353
4.5 -0.99799
5 -0.982936
5.5 -0.871666
6 -0.675071
6.5 -0.412396
7 -0.109352
7.5 0.204396
8 0.498136
8.5 0.743115
9 0.915353
9.5 0.99799
10 0.982936
10.5 0.871666
11 0.675071
11.5 0.412396
12 0.109352
12.5 -0.204396
13 -0.498136
13.5 -0.743115
14 -0.915353
14.5 -0.99799
15 -0.982936
15.5 -0.871666
16 -0.675071
16.5 -0.412396
17 -0.109352
17.5 0.204396
18 0.498136
18.5 0.743115
19 0.915353
19.5 0.99799
20 0.982936


0 0.994203
0.5 0.989371
1 0.887691
1.5 0.699119
2 0.442111
2.5 0.141827
3 -0.17234
3.5 -0.469638
4 -0.720964
4.5 -0.901717
5 -0.994203
5.5 -0.989371
6 -0.887691
6.5 -0.699119
7 -0.442111
7.5 -0.141827
8 0.17234
8.5 0.469638
9 0.720964
9.5 0.901717
10 0.994203
10.5 0.989371
11 0.887691
11.5 0.699119
12 0.442111
12.5 0.141827
13 -0.17234
13.5 -0.469638
14 -0.720964
14.5 -0.901717
15 -0.994203
15.5 -0.989371
16 -0.887691
16.5 -0.699119
17 -0.442111
17.5 -0.141827
18 0.17234
18.5 0.469638
19 0.720964
19.5 0.901717
20 0.994203


0 0.887115
0.5 0.98936
1 0.994759
1.5 0.902785
2 0.722439
2.5 0.471376
3 0.174172
3.5 -0.140082
4 -0.440624
4.5 -0.698034
5 -0.887115
5.5 -0.98936
6 -0.994759
6.5 -0.902785
7 -0.722439
7.5 -0.471376
8 -0.174172
8.5 0.140082
9 0.440624
9.5 0.698034
10 0.887115
10.5 0.98936
11 0.994759
11.5 0.902785
12 0.722439
12.5 0.471376
13 0.174172
13.5 -0.140082
14 -0.440624
14.5 -0.698034
15 -0.887115
15.5 -0.98936
16 -0.994759
16.5 -0.902785
17 -0.722439
17.5 -0.471376
18 -0.174172
18.5 0.140082
19 0.440624
19.5 0.698034
20 0.887115


0 0.674349
0.5 0.871564
1 0.983465
1.5 0.999097
2 0.91693
2.5 0.745008
3 0.500159
3.5 0.206351
4 -0.107656
4.5 -0.411124
5 -0.674349
5.5 -0.871564
6 -0.983465
6.5 -0.999097
7 -0.91693
7.5 -0.745008
8 -0.500159
8.5 -0.206351
9 0.107656
9.5 0.411124
10 0.674349
10.5 0.871564
11 0.983465
11.5 0.999097
12 0.91693
12.5 0.745008
13 0.500159
13.5 0.206351
14 -0.107656
14.5 -0.411124
15 -0.674349
15.5 -0.871564
16 -0.983465
16.5 -0.999097
17 -0.91693
17.5 -0.745008
18 -0.500159
18.5 -0.206351
19 0.107656
19.5 0.411124
20 0.674349


0 0.381171
0.5 0.649936
1 0.85508
1.5 0.976523
2 1.00238
2.5 0.930111
3 0.7668
3.5 0.528429
4 0.238331
4.5 -0.0750954
5 -0.381171
5.5 -0.649936
6 -0.85508
6.5 -0.976523
7 -1.00238
7.5 -0.930111
8 -0.7668
8.5 -0.528429
9 -0.238331
9.5 0.0750954
10 0.381171
10.5 0.649936
11 0.85508
11.5 0.976523
12 1.00238
12.5 0.930111
13 0.7668
13.5 0.528429
14 0.238331
14.5 -0.0750954
15 -0.381171
15.5 -0.649936
16 -0.85508
16.5 -0.976523
17 -1.00238
17.5 -0.930111
18 -0.7668
18.5 -0.528429
19 -0.238331
19.5 0.0750954
20 0.381171


0 0.0424357
0.5 0.350796
1 0.624818
1.5 0.837678
2 0.968541
2.5 1.0046
3 0.942314
3.5 0.787792
4 0.556155
4.5 0.270078
5 -0.0424357
5.5 -0.350796
6 -0.624818
6.5 -0.837678
7 -0.968541
7.5 -1.0046
8 -0.942314
8.5 -0.787792
9 -0.556155
9.5 -0.270078
10 0.0424357
10.5 0.350796
11 0.624818
11.5 0.837678
12 0.968541
12.5 1.0046
13 0.942314
13.5 0.787792
14 0.556155
14.5 0.270078
15 -0.0424357
15.5 -0.350796
16 -0.624818
16.5 -0.837678
17 -0.968541
17.5 -1.0046
18 -0.942314
18.5 -0.787792
19 -0.556155
19.5 -0.270078
20 0.0424357


0 -0.301558
0.5 0.00971105
1 0.32003
1.5 0.599022
2 0.819377
2.5 0.959527
3 1.00575
3.5 0.953525
4 0.807961
4.5 0.583309
5 0.301558
5.5 -0.00971105
6 -0.32003
6.5 -0.599022
7 -0.819377
7.5 -0.959527
8 -1.00575
8.5 -0.953525
9 -0.807961
9.5 -0.583309
10 -0.301558
10.5 0.00971105
11 0.32003
11.5 0.599022
12 0.819377
12.5 0.959527
13 1.00575
13.5 0.953525
14 0.807961
14.5 0.583309
15 0.301558
15.5 -0.00971105
16 -0.32003
16.5 -0.599022
17 -0.819377
17.5 -0.959527
18 -1.00575
18.5 -0.953525
19 -0.807961
19.5 -0.583309
20 -0.301558


0 -0.609861
0.5 -0.332737
1 -0.0230438
1.5 0.288906
2 0.572575
2.5 0.800197
3 0.949489
3.5 1.00584
4 0.963731
4.5 0.827286
5 0.609861
5.5 0.332737
6 0.0230438
6.5 -0.288906
7 -0.572575
7.5 -0.800197
8 -0.949489
8.5 -1.00584
9 -0.963731
9.5 -0.827286
10 -0.609861
10.5 -0.332737
11 -0.0230438
11.5 0.288906
12 0.572575
12.5 0.800197
13 0.949489
13.5 1.00584
14 0.963731
14.5 0.827286
15 0.609861
15.5 0.332737
16 0.0230438
16.5 -0.288906
17 -0.572575
17.5 -0.800197
18 -0.949489
18.5 -1.00584
19 -0.963731
19.5 -0.827286
20 -0.609861


0 -0.845745
0.5 -0.635781
1 -0.363583
1.5 -0.0557941
2 0.257456
2.5 0.545505
3 0.780155
3.5 0.938439
4 1.00486
4.5 0.972922
5 0.845745
5.5 0.635781
6 0.363583
6.5 0.0557941
7 -0.257456
7.5 -0.545505
8 -0.780155
8.5 -0.938439
9 -1.00486
9.5 -0.972922
10 -0.845745
10.5 -0.635781
11 -0.363583
11.5 -0.0557941
12 0.257456
12.5 0.545505
13 0.780155
13.5 0.938439
14 1.00486
14.5 0.972922
15 0.845745
15.5 0.635781
16 0.363583
16.5 0.0557941
17 -0.257456
17.5 -0.545505
18 -0.780155
18.5 -0.938439
19 -1.00486
19.5 -0.972922
20 -0.845745


0 -0.981086
0.5 -0.863319
1 -0.661044
1.5 -0.394061
2 -0.0885052
2.5 0.225714
3 0.517839
3.5 0.759275
4 0.926387
4.5 1.00282
5 0.981086
5.5 0.863319
6 0.661044
6.5 0.394061
7 0.0885052
7.5 -0.225714
8 -0.517839
8.5 -0.759275
9 -0.926387
9.5 -1.00282
10 -0.981086
10.5 -0.863319
11 -0.661044
11.5 -0.394061
12 -0.0885052
12.5 0.225714
13 0.517839
13.5 0.759275
14 0.926387
14.5 1.00282
15 0.981086
15.5 0.863319
16 0.661044
16.5 0.394061
17 0.0885052
17.5 -0.225714
18 -0.517839
18.5 -0.759275
19 -0.926387
19.5 -1.00282
20 -0.981086


0 -0.999709
0.5 -0.988215
1 -0.879987
1.5 -0.685621
2 -0.42414
2.5 -0.121142
3 0.193714
3.5 0.489608
4 0.737576
4.5 0.913345
5 0.999709
5.5 0.988215
6 0.879987
6.5 0.685621
7 0.42414
7.5 0.121142
8 -0.193714
8.5 -0.489608
9 -0.737576
9.5 -0.913345
10 -0.999709
10.5 -0.988215
11 -0.879987
11.5 -0.685621
12 -0.42414
12.5 -0.121142
13 0.193714
13.5 0.489608
14 0.737576
14.5 0.913345
15 0.999709
15.5 0.988215
16 0.879987
16.5 0.685621
17 0.42414
17.5 0.121142
18 -0.193714
18.5 -0.489608
19 -0.737576
19.5 -0.913345
20 -0.999709


0 -0.899326
0.5 -0.995538
1 -0.9943
1.5 -0.895733
2 -0.709485
2.5 -0.453788
3 -0.153671
3.5 0.161488
4 0.46084
4.5 0.715082
5 0.899326
5.5 0.995538
6 0.9943
6.5 0.895733
7 0.709485
7.5 0.453788
8 0.153671
8.5 -0.161488
9 -0.46084
9.5 -0.715082
10 -0.899326
10.5 -0.995538
11 -0.9943
11.5 -0.895733
12 -0.709485
12.5 -0.453788
13 -0.153671
13.5 0.161488
14 0.46084
14.5 0.715082
15 0.899326
15.5 0.995538
16 0.9943
16.5 0.895733
17 0.709485
17.5 0.453788
18 0.153671
18.5 -0.161488
19 -0.46084
19.5 -0.715082
20 -0.899326


0 -0.691816
0.5 -0.884345
1 -0.990309
1.5 -0.999334
2 -0.910538
2.5 -0.732612
3 -0.482972
3.5 -0.186056
4 0.129072
4.5 0.431566
5 0.691816
5.5 0.884345
6 0.990309
6.5 0.999334
7 0.910538
7.5 0.732612
8 0.482972
8.5 0.186056
9 -0.129072
9.5 -0.431566
10 -0.691816
10.5 -0.884345
11 -0.990309
11.5 -0.999334
12 -0.910538
12.5 -0.732612
13 -0.482972
13.5 -0.186056
14 0.129072
14.5 0.431566
15 0.691816
15.5 0.884345
16 0.990309
16.5 0.999334
17 0.910538
17.5 0.732612
18 0.482972
18.5 0.186056
19 -0.129072
19.5 -0.431566
20 -0.691816


0 -0.401817
0.5 -0.667802
1 -0.868417
1.5 -0.984026
2 -1.00331
2.5 -0.924386
3 -0.754975
3.5 -0.511662
4 -0.218264
4.5 0.0964994
5 0.401817
5.5 0.667802
6 0.868417
6.5 0.984026
7 1.00331
7.5 0.924386
8 0.754975
8.5 0.511662
9 0.218264
9.5 -0.0964994
10 -0.401817
10.5 -0.667802
11 -0.868417
11.5 -0.984026
12 -1.00331
12.5 -0.924386
13 -0.754975
13.5 -0.511662
14 -0.218264
14.5 0.0964994
15 0.401817
15.5 0.667802
16 0.868417
16.5 0.984026
17 1.00331
17.5 0.924386
18 0.754975
18.5 0.511662
19 0.218264
19.5 -0.0964994
20 -0.401817


0 -0.0638043
0.5 -0.371623
1 -0.643065
1.5 -0.851559
2 -0.976696
2.5 -1.00623
3 -0.937263
3.5 -0.776552
4 -0.539827
4.5 -0.25026
5 0.0638043
5.5 0.371623
6 0.643065
6.5 0.851559
7 0.976696
7.5 1.00623
8 0.937263
8.5 0.776552
9 0.539827
9.5 0.25026
10 -0.0638043
10.5 -0.371623
11 -0.643065
11.5 -0.851559
12 -0.976696
12.5 -1.00623
13 -0.937263
13.5 -0.776552
14 -0.539827
14.5 -0.25026
15 0.0638043
15.5 0.371623
16 0.643065
16.5 0.851559
17 0.976696
17.5 1.00623
18 0.937263
18.5 0.776552
19 0.539827
19.5 0.25026
20 -0.0638043


0 0.28201
0.5 -0.0310217
1 -0.341017
1.5 -0.617631
2 -0.833787
2.5 -0.968326
3 -1.00808
3.5 -0.949153
4 -0.797318
4.5 -0.567436
5 -0.28201
5.5 0.0310217
6 0.341017
6.5 0.617631
7 0.833787
7.5 0.968326
8 1.00808
8.5 0.949153
9 0.797318
9.5 0.567436
10 0.28201
10.5 -0.0310217
11 -0.341017
11.5 -0.617631
12 -0.833787
12.5 -0.968326
13 -1.00808
13.5 -0.949153
14 -0.797318
14.5 -0.567436
15 -0.28201
15.5 0.0310217
16 0.341017
16.5 0.617631
17 0.833787
17.5 0.968326
18 1.00808
18.5 0.949153
19 0.797318
19.5 0.567436
20 0.28201


0 0.594461
0.5 0.31348
1 0.00181371
1.5 -0.31003
2 -0.591526
2.5 -0.815119
3 -0.958923
3.5 -1.00886
4 -0.960044
4.5 -0.817252
5 -0.594461
5.5 -0.31348
6 -0.00181371
6.5 0.31003
7 0.591526
7.5 0.815119
8 0.958923
8.5 1.00886
9 0.960044
9.5 0.817252
10 0.594461
10.5 0.31348
11 0.00181371
11.5 -0.31003
12 -0.591526
12.5 -0.815119
13 -0.958923
13.5 -1.00886
14 -0.960044
14.5 -0.817252
15 -0.594461
15.5 -0.31348
16 -0.00181371
16.5 0.31003
17 0.591526
17.5 0.815119
18 0.958923
18.5 1.00886
19 0.960044
19.5 0.817252
20 0.594461


0 0.83633
0.5 0.620871
1 0.344637
1.5 0.0346672
2 -0.278696
2.5 -0.564778
3 -0.795576
3.5 -0.948498
4 -1.00857
4.5 -0.969923
5 -0.83633
5.5 -0.620871
6 -0.344637
6.5 -0.0346672
7 0.278696
7.5 0.564778
8 0.795576
8.5 0.948498
9 1.00857
9.5 0.969923
10 0.83633
10.5 0.620871
11 0.344637
11.5 0.0346672
12 -0.278696
12.5 -0.564778
13 -0.795576
13.5 -0.948498
14 -1.00857
14.5 -0.969923
15 -0.83633
15.5 -0.620871
16 -0.344637
16.5 -0.0346672
17 0.278696
17.5 0.564778
18 0.795576
18.5 0.948498
19 1.00857
19.5 0.969923
20 0.83633


0 0.97878
0.5 0.854533
1 0.646639
1.5 0.375447
2 0.067504
2.5 -0.247047
3 -0.537415
3.5 -0.775178
4 -0.93706
4.5 -1.00722
5 -0.97878
5.5 -0.854533
6 -0.646639
6.5 -0.375447
7 -0.067504
7.5 0.247047
8 0.537415
8.5 0.775178
9 0.93706
9.5 1.00722
10 0.97878
10.5 0.854533
11 0.646639
11.5 0.375447
12 0.067504
12.5 -0.247047
13 -0.537415
13.5 -0.775178
14 -0.93706
14.5 -1.00722
15 -0.97878
15.5 -0.854533
16 -0.646639
16.5 -0.375447
17 -0.067504
17.5 0.247047
18 0.537415
18.5 0.775178
19 0.93706
19.5 1.00722
20 0.97878


0 1.00479
0.5 0.986604
1 0.871841
1.5 0.671737
2 0.405878
2.5 0.100289
3 -0.215117
3.5 -0.509466
4 -0.753945
4.5 -0.924622
5 -1.00479
5.5 -0.986604
6 -0.871841
6.5 -0.671737
7 -0.405878
7.5 -0.100289
8 0.215117
8.5 0.509466
9 0.753945
9.5 0.924622
10 1.00479
10.5 0.986604
11 0.871841
11.5 0.671737
12 0.405878
12.5 0.100289
13 -0.215117
13.5 -0.509466
14 -0.753945
14.5 -0.924622
15 -1.00479
15.5 -0.986604
16 -0.871841
16.5 -0.671737
17 -0.405878
17.5 -0.100289
18 0.215117
18.5 0.509466
19 0.753945
19.5 0.924622
20 1.00479


0 0.911196
0.5 1.0013
1 0.993387
1.5 0.888235
2 0.696138
2.5 0.435897
3 0.132988
3.5 -0.182939
4 -0.480959
4.5 -0.731899
5 -0.911196
5.5 -1.0013
6 -0.993387
6.5 -0.888235
7 -0.696138
7.5 -0.435897
8 -0.132988
8.5 0.182939
9 0.480959
9.5 0.731899
10 0.911196
10.5 1.0013
11 0.993387
11.5 0.888235
12 0.696138
12.5 0.435897
13 0.132988
13.5 -0.182939
14 -0.480959
14.5 -0.731899
15 -0.911196
15.5 -1.0013
16 -0.993387
16.5 -0.888235
17 -0.696138
17.5 -0.435897
18 -0.132988
18.5 0.182939
19 0.480959
19.5 0.731899
20 0.911196


0 0.709063
0.5 0.896794
1 0.996741
1.5 0.99912
2 0.903697
2.5 0.719815
3 0.465472
3.5 0.165565
4 -0.150548
4.5 -0.451924
5 -0.709063
5.5 -0.896794
6 -0.996741
6.5 -0.99912
7 -0.903697
7.5 -0.719815
8 -0.465472
8.5 -0.165565
9 0.150548
9.5 0.451924
10 0.709063
10.5 0.896794
11 0.996741
11.5 0.99912
12 0.903697
12.5 0.719815
13 0.465472
13.5 0.165565
14 -0.150548
14.5 -0.451924
15 -0.709063
15.5 -0.896794
16 -0.996741
16.5 -0.99912
17 -0.903697
17.5 -0.719815
18 -0.465472
18.5 -0.165565
19 0.150548
19.5 0.451924
20 0.709063


0 0.422393
0.5 0.685462
1 0.881434
1.5 0.991124
2 1.0038
2.5 0.91821
3 0.742743
3.5 0.494571
4 0.197987
4.5 -0.117977
5 -0.422393
5.5 -0.685462
6 -0.881434
6.5 -0.991124
7 -1.0038
7.5 -0.91821
8 -0.742743
8.5 -0.494571
9 -0.197987
9.5 0.117977
10 0.422393
10.5 0.685462
11 0.881434
11.5 0.991124
12 1.0038
12.5 0.91821
13 0.742743
13.5 0.494571
14 0.197987
14.5 -0.117977
15 -0.422393
15.5 -0.685462
16 -0.881434
16.5 -0.991124
17 -1.0038
17.5 -0.91821
18 -0.742743
18.5 -0.494571
19 -0.197987
19.5 0.117977
20 0.422393


0 0.0852614
0.5 0.392396
1 0.66112
1.5 0.865129
2 0.984453
2.5 1.00741
3 0.931758
3.5 0.764898
4 0.523164
4.5 0.230219
5 -0.0852614
5.5 -0.392396
6 -0.66112
6.5 -0.865129
7 -0.984453
7.5 -1.00741
8 -0.931758
8.5 -0.764898
9 -0.523164
9.5 -0.230219
10 0.0852614
10.5 0.392396
11 0.66112
11.5 0.865129
12 0.984453
12.5 1.00741
13 0.931758
13.5 0.764898
14 0.523164
14.5 0.230219
15 -0.0852614
15.5 -0.392396
16 -0.66112
16.5 -0.865129
17 -0.984453
17.5 -1.00741
18 -0.931758
18.5 -0.764898
19 -0.523164
19.5 -0.230219
20 0.0852614


0 -0.262226
0.5 0.0524354
1 0.361964
1.5 0.636061
2 0.847896
2.5 0.976733
3 1.00996
3.5 0.944326
4 0.786255
4.5 0.551219
5 0.262226
5.5 -0.0524354
6 -0.361964
6.5 -0.636061
7 -0.847896
7.5 -0.976733
8 -1.00996
8.5 -0.944326
9 -0.786255
9.5 -0.551219
10 -0.262226
10.5 0.0524354
11 0.361964
11.5 0.636061
12 0.847896
12.5 0.976733
13 1.00996
13.5 0.944326
14 0.786255
14.5 0.551219
15 0.262226
15.5 -0.0524354
16 -0.361964
16.5 -0.636061
17 -0.847896
17.5 -0.976733
18 -1.00996
18.5 -0.944326
19 -0.786255
19.5 -0.551219
20 -0.262226


0 -0.578706
0.5 -0.293974
1 0.0195338
1.5 0.33113
2 0.610313
2.5 0.829754
3 0.967973
3.5 1.01144
4 0.9559
4.5 0.806791
5 0.578706
5.5 0.293974
6 -0.0195338
6.5 -0.33113
7 -0.610313
7.5 -0.829754
8 -0.967973
8.5 -1.01144
9 -0.9559
9.5 -0.806791
10 -0.578706
10.5 -0.293974
11 0.0195338
11.5 0.33113
12 0.610313
12.5 0.829754
13 0.967973
13.5 1.01144
14 0.9559
14.5 0.806791
15 0.578706
15.5 0.293974
16 -0.0195338
16.5 -0.33113
17 -0.610313
17.5 -0.829754
18 -0.967973
18.5 -1.01144
19 -0.9559
19.5 -0.806791
20 -0.578706


0 -0.826483
0.5 -0.605597
1 -0.32543
1.5 -0.0134086
2 0.299926
2.5 0.583901
3 0.810721
3.5 0.958181
4 1.01185
4.5 0.966468
5 0.826483
5.5 0.605597
6 0.32543
6.5 0.0134086
7 -0.299926
7.5 -0.583901
8 -0.810721
8.5 -0.958181
9 -1.01185
9.5 -0.966468
10 -0.826483
10.5 -0.605597
11 -0.32543
11.5 -0.0134086
12 0.299926
12.5 0.583901
13 0.810721
13.5 0.958181
14 1.01185
14.5 0.966468
15 0.826483
15.5 0.605597
16 0.32543
16.5 0.0134086
17 -0.299926
17.5 -0.583901
18 -0.810721
18.5 -0.958181
19 -1.01185
19.5 -0.966468
20 -0.826483


0 -0.976017
0.5 -0.845312
1 -0.631861
1.5 -0.35656
2 -0.0463567
2.5 0.268385
3 0.556855
3.5 0.790816
4 0.947367
4.5 1.01118
5 0.976017
5.5 0.845312
6 0.631861
6.5 0.35656
7 0.0463567
7.5 -0.268385
8 -0.556855
8.5 -0.790816
9 -0.947367
9.5 -1.01118
10 -0.976017
10.5 -0.845312
11 -0.631861
11.5 -0.35656
12 -0.0463567
12.5 0.268385
13 0.556855
13.5 0.790816
14 0.947367
14.5 1.01118
15 0.976017
15.5 0.845312
16 0.631861
16.5 0.35656
17 0.0463567
17.5 -0.268385
18 -0.556855
18.5 -0.790816
19 -0.947367
19.5 -1.01118
20 -0.976017


0 -1.00944
0.5 -0.984536
1 -0.863255
1.5 -0.657472
2 -0.387331
2.5 -0.0792758
3 0.23654
3.5 0.529201
4 0.77006
4.5 0.935541
5 1.00944
5.5 0.984536
6 0.863255
6.5 0.657472
7 0.387331
7.5 0.0792758
8 -0.23654
8.5 -0.529201
9 -0.77006
9.5 -0.935541
10 -1.00944
10.5 -0.984536
11 -0.863255
11.5 -0.657472
12 -0.387331
12.5 -0.0792758
13 0.23654
13.5 0.529201
14 0.77006
14.5 0.935541
15 1.00944
15.5 0.984536
16 0.863255
16.5 0.657472
17 0.387331
17.5 0.0792758
18 -0.23654
18.5 -0.529201
19 -0.77006
19.5 -0.935541
20 -1.00944


0 -0.922716
0.5 -1.00663
1 -0.992017
1.5 -0.880293
2 -0.682401
2.5 -0.41771
3 -0.112131
3.5 0.204424
4 0.500969
4.5 0.748476
5 0.922716
5.5 1.00663
6 0.992017
6.5 0.880293
7 0.682401
7.5 0.41771
8 0.112131
8.5 -0.204424
9 -0.500969
9.5 -0.748476
10 -0.922716
10.5 -1.00663
11 -0.992017
11.5 -0.880293
12 -0.682401
12.5 -0.41771
13 -0.112131
13.5 0.204424
14 0.500969
14.5 0.748476
15 0.922716
15.5 1.00663
16 0.992017
16.5 0.880293
17 0.682401
17.5 0.41771
18 0.112131
18.5 -0.204424
19 -0.500969
19.5 -0.748476
20 -0.922716


0 -0.726084
0.5 -0.908905
1 -1.00276
1.5 -0.99845
2 -0.896409
2.5 -0.706621
3 -0.447664
3.5 -0.144887
4 0.172073
4.5 0.472189
5 0.726084
5.5 0.908905
6 1.00276
6.5 0.99845
7 0.896409
7.5 0.706621
8 0.447664
8.5 0.144887
9 -0.172073
9.5 -0.472189
10 -0.726084
10.5 -0.908905
11 -1.00276
11.5 -0.99845
12 -0.896409
12.5 -0.706621
13 -0.447664
13.5 -0.144887
14 0.172073
14.5 0.472189
15 0.726084
15.5 0.908905
16 1.00276
16.5 0.99845
17 0.896409
17.5 0.706621
18 0.447664
18.5 0.144887
19 -0.172073
19.5 -0.472189
20 -0.726084


0 -0.44289
0.5 -0.702908
1 -0.894121
1.5 -0.997811
2 -1.00383
2.5 -0.911583
3 -0.730106
3.5 -0.477162
4 -0.177509
4.5 0.139519
5 0.44289
5.5 0.702908
6 0.894121
6.5 0.997811
7 1.00383
7.5 0.911583
8 0.730106
8.5 0.477162
9 0.177509
9.5 -0.139519
10 -0.44289
10.5 -0.702908
11 -0.894121
11.5 -0.997811
12 -1.00383
12.5 -0.911583
13 -0.730106
13.5 -0.477162
14 -0.177509
14.5 0.139519
15 0.44289
15.5 0.702908
16 0.894121
16.5 0.997811
17 1.00383
17.5 0.911583
18 0.730106
18.5 0.477162
19 0.177509
19.5 -0.139519
20 -0.44289


0 -0.106798
0.5 -0.413104
1 -0.678973
1.5 -0.87838
2 -0.991805
2.5 -1.00814
3 -0.9258
3.5 -0.752832
4 -0.506171
4.5 -0.209963
5 0.106798
5.5 0.413104
6 0.678973
6.5 0.87838
7 0.991805
7.5 1.00814
8 0.9258
8.5 0.752832
9 0.506171
9.5 0.209963
10 -0.106798
10.5 -0.413104
11 -0.678973
11.5 -0.87838
12 -0.991805
12.5 -1.00814
13 -0.9258
13.5 -0.752832
14 -0.506171
14.5 -0.209963
15 0.106798
15.5 0.413104
16 0.678973
16.5 0.87838
17 0.991805
17.5 1.00814
18 0.9258
18.5 0.752832
19 0.506171
19.5 0.209963
20 -0.106798


0 0.242214
0.5 -0.0739428
1 -0.382862
1.5 -0.654304
2 -0.861698
2.5 -0.984743
3 -1.01139
3.5 -0.939044
4 -0.774773
4.5 -0.534662
5 -0.242214
5.5 0.0739428
6 0.382862
6.5 0.654304
7 0.861698
7.5 0.984743
8 1.01139
8.5 0.939044
9 0.774773
9.5 0.534662
10 0.242214
10.5 -0.0739428
11 -0.382862
11.5 -0.654304
12 -0.861698
12.5 -0.984743
13 -1.01139
13.5 -0.939044
14 -0.774773
14.5 -0.534662
15 -0.242214
15.5 0.0739428
16 0.382862
16.5 0.654304
17 0.861698
17.5 0.984743
18 1.01139
18.5 0.939044
19 0.774773
19.5 0.534662
20 0.242214


0 0.562603
0.5 0.274228
1 -0.0409896
1.5 -0.352195
2 -0.628925
2.5 -0.844092
3 -0.976633
3.5 -1.01357
4 -0.9513
4.5 -0.795906
5 -0.562603
5.5 -0.274228
6 0.0409896
6.5 0.352195
7 0.628925
7.5 0.844092
8 0.976633
8.5 1.01357
9 0.9513
9.5 0.795906
10 0.562603
10.5 0.274228
11 -0.0409896
11.5 -0.352195
12 -0.628925
12.5 -0.844092
13 -0.976633
13.5 -1.01357
14 -0.9513
14.5 -0.795906
15 -0.562603
15.5 -0.274228
16 0.0409896
16.5 0.352195
17 0.628925
17.5 0.844092
18 0.976633
18.5 1.01357
19 0.9513
19.5 0.795906
20 0.562603


0 0.816207
0.5 0.589964
1 0.305971
1.5 -0.00797295
2 -0.321136
2.5 -0.602864
3 -0.82558
3.5 -0.967482
4 -1.01468
4.5 -0.962554
5 -0.816207
5.5 -0.589964
6 -0.305971
6.5 0.00797295
7 0.321136
7.5 0.602864
8 0.82558
8.5 0.967482
9 1.01468
9.5 0.962554
10 0.816207
10.5 0.589964
11 0.305971
11.5 -0.00797295
12 -0.321136
12.5 -0.602864
13 -0.82558
13.5 -0.967482
14 -1.01468
14.5 -0.962554
15 -0.816207
15.5 -0.589964
16 -0.305971
16.5 0.00797295
17 0.321136
17.5 0.602864
18 0.82558
18.5 0.967482
19 1.01468
19.5 0.962554
20 0.816207


0 0.972795
0.5 0.835655
1 0.616716
1.5 0.337408
2 0.0250723
2.5 -0.289718
3 -0.576148
3.5 -0.806181
4 -0.957299
4.5 -1.01471
5 -0.972795
5.5 -0.835655
6 -0.616716
6.5 -0.337408
7 -0.0250723
7.5 0.289718
8 0.576148
8.5 0.806181
9 0.957299
9.5 1.01471
10 0.972795
10.5 0.835655
11 0.616716
11.5 0.337408
12 0.0250723
12.5 -0.289718
13 -0.576148
13.5 -0.806181
14 -0.957299
14.5 -1.01471
15 -0.972795
15.5 -0.835655
16 -0.616716
16.5 -0.337408
17 -0.0250723
17.5 0.289718
18 0.576148
18.5 0.806181
19 0.957299
19.5 1.01471
20 0.972795


0 1.01366
0.5 0.98201
1 0.854229
1.5 0.64283
2 0.368506
2.5 0.0581111
3 -0.257973
3.5 -0.548804
4 -0.785915
4.5 -0.946095
5 -1.01366
5.5 -0.98201
6 -0.854229
6.5 -0.64283
7 -0.368506
7.5 -0.058111
8 0.257973
8.5 0.548804
9 0.785915
9.5 0.946095
10 1.01366
10.5 0.98201
11 0.854229
11.5 0.64283
12 0.368506
12.5 0.0581111
13 -0.257973
13.5 -0.548804
14 -0.785915
14.5 -0.946095
15 -1.01366
15.5 -0.98201
16 -0.854229
16.5 -0.64283
17 -0.368506
17.5 -0.0581111
18 0.257973
18.5 0.548804
19 0.785915
19.5 0.946095
20 1.01366


0 0.933881
0.5 1.01154
1 0.990189
1.5 0.871908
2 0.668278
2.5 0.399233
3 0.0911083
3.5 -0.225935
4 -0.520862
4.5 -0.764803
5 -0.933881
5.5 -1.01154
6 -0.990189
6.5 -0.871908
7 -0.668278
7.5 -0.399233
8 -0.0911083
8.5 0.225935
9 0.520862
9.5 0.764803
10 0.933881
10.5 1.01154
11 0.990189
11.5 0.871908
12 0.668278
12.5 0.399233
13 0.0911083
13.5 -0.225935
14 -0.520862
14.5 -0.764803
15 -0.933881
15.5 -1.01154
16 -0.990189
16.5 -0.871908
17 -0.668278
17.5 -0.399233
18 -0.0911083
18.5 0.225935
19 0.520862
19.5 0.764803
20 0.933881


0 0.742868
0.5 0.920668
1 1.00835
1.5 0.997323
2 0.888673
2.5 0.693033
3 0.429555
3.5 0.124029
4 -0.193638
4.5 -0.49235
5 -0.742868
5.5 -0.920668
6 -1.00835
6.5 -0.997323
7 -0.888673
7.5 -0.693033
8 -0.429555
8.5 -0.124029
9 0.193638
9.5 0.49235
10 0.742868
10.5 0.920668
11 1.00835
11.5 0.997323
12 0.888673
12.5 0.693033
13 0.429555
13.5 0.124029
14 -0.193638
14.5 -0.49235
15 -0.742868
15.5 -0.920668
16 -1.00835
16.5 -0.997323
17 -0.888673
17.5 -0.693033
18 -0.429555
18.5 -0.124029
19 0.193638
19.5 0.49235
20 0.742868


0 0.463299
0.5 0.720131
1 0.906472
1.5 1.00408
2 1.0034
2.5 0.904506
3 0.717069
3.5 0.45944
4 0.156838
4.5 -0.161116
5 -0.463299
5.5 -0.720131
6 -0.906472
6.5 -1.00408
7 -1.0034
7.5 -0.904506
8 -0.717069
8.5 -0.45944
9 -0.156838
9.5 0.161116
10 0.463299
10.5 0.720131
11 0.906472
11.5 1.00408
12 1.0034
12.5 0.904506
13 0.717069
13.5 0.45944
14 0.156838
14.5 -0.161116
15 -0.463299
15.5 -0.720131
16 -0.906472
16.5 -1.00408
17 -1.0034
17.5 -0.904506
18 -0.717069
18.5 -0.45944
19 -0.156838
19.5 0.161116
20 0.463299


0 0.128403
0.5 0.433739
1 0.696617
1.5 0.891305
2 0.998746
2.5 1.00842
3 0.919389
3.5 0.740358
4 0.488856
4.5 0.189501
5 -0.128403
5.5 -0.433739
6 -0.696617
6.5 -0.891305
7 -0.998746
7.5 -1.00842
8 -0.919389
8.5 -0.740358
9 -0.488856
9.5 -0.189501
10 0.128403
10.5 0.433739
11 0.696617
11.5 0.891305
12 0.998746
12.5 1.00842
13 0.919389
13.5 0.740358
14 0.488856
14.5 0.189501
15 -0.128403
15.5 -0.433739
16 -0.696617
16.5 -0.891305
17 -0.998746
17.5 -1.00842
18 -0.919389
18.5 -0.740358
19 -0.488856
19.5 -0.189501
20 0.128403


0 -0.221983
0.5 0.0955347
1 0.403701
1.5 0.672349
2 0.875184
2.5 0.99235
3 1.01238
3.5 0.933306
4 0.762876
4.5 0.517771
5 0.221983
5.5 -0.0955347
6 -0.403701
6.5 -0.672349
7 -0.875184
7.5 -0.99235
8 -1.01238
8.5 -0.933306
9 -0.762876
9.5 -0.517771
10 -0.221983
10.5 0.0955347
11 0.403701
11.5 0.672349
12 0.875184
12.5 0.99235
13 1.01238
13.5 0.933306
14 0.762876
14.5 0.517771
15 0.221983
15.5 -0.0955347
16 -0.403701
16.5 -0.672349
17 -0.875184
17.5 -0.99235
18 -1.01238
18.5 -0.933306
19 -0.762876
19.5 -0.517771
20 -0.221983


0 -0.546155
0.5 -0.254249
1 0.0625447
1.5 0.373216
2 0.647354
2.5 0.858125
3 0.984896
3.5 1.01526
4 0.946242
4.5 0.784599
5 0.546155
5.5 0.254249
6 -0.0625447
6.5 -0.373216
7 -0.647354
7.5 -0.858125
8 -0.984896
8.5 -1.01526
9 -0.946242
9.5 -0.784599
10 -0.546155
10.5 -0.254249
11 0.0625447
11.5 0.373216
12 0.647354
12.5 0.858125
13 0.984896
13.5 1.01526
14 0.946242
14.5 0.784599
15 0.546155
15.5 0.254249
16 -0.0625447
16.5 -0.373216
17 -0.647354
17.5 -0.858125
18 -0.984896
18.5 -1.01526
19 -0.946242
19.5 -0.784599
20 -0.546155


0 -0.805503
0.5 -0.573977
1 -0.286265
1.5 0.0294683
2 0.342317
2.5 0.621657
3 0.840145
3.5 0.976394
4 1.01707
4.5 0.958182
5 0.805503
5.5 0.573976
6 0.286265
6.5 -0.0294683
7 -0.342317
7.5 -0.621657
8 -0.840145
8.5 -0.976394
9 -1.01707
9.5 -0.958182
10 -0.805503
10.5 -0.573977
11 -0.286265
11.5 0.0294682
12 0.342317
12.5 0.621657
13 0.840145
13.5 0.976394
14 1.01707
14.5 0.958182
15 0.805503
15.5 0.573976
16 0.286265
16.5 -0.0294683
17 -0.342317
17.5 -0.621657
18 -0.840145
18.5 -0.976394
19 -1.01707
19.5 -0.958182
20 -0.805503


0 -0.969113
0.5 -0.825566
1 -0.601206
1.5 -0.317997
2 -0.00365955
2.5 0.311036
3 0.595285
3.5 0.821264
4 0.966851
4.5 1.0178
5 0.969113
5.5 0.825566
6 0.601206
6.5 0.317997
7 0.00365953
7.5 -0.311036
8 -0.595285
8.5 -0.821264
9 -0.966851
9.5 -1.0178
10 -0.969113
10.5 -0.825566
11 -0.601207
11.5 -0.317997
12 -0.00365962
12.5 0.311036
13 0.595285
13.5 0.821264
14 0.966851
14.5 1.0178
15 0.969113
15.5 0.825566
16 0.601206
16.5 0.317997
17 0.00365955
17.5 -0.311036
18 -0.595285
18.5 -0.821264
19 -0.966851
19.5 -1.0178
20 -0.969113


0 -1.01745
0.5 -0.979023
1 -0.844765
1.5 -0.627815
2 -0.349411
2.5 -0.0368037
3 0.279406
3.5 0.568266
4 0.8015
4.5 0.956277
5 1.01745
5.5 0.979023
6 0.844765
6.5 0.627815
7 0.349411
7.5 0.0368036
8 -0.279406
8.5 -0.568266
9 -0.8015
9.5 -0.956277
10 -1.01745
10.5 -0.979023
11 -0.844765
11.5 -0.627815
12 -0.349411
12.5 -0.0368038
13 0.279406
13.5 0.568266
14 0.8015
14.5 0.956277
15 1.01745
15.5 0.979023
16 0.844765
16.5 0.627815
17 0.349411
17.5 0.0368036
18 -0.279406
18.5 -0.568266
19 -0.8015
19.5 -0.956277
20 -1.01745


0 -0.944682
0.5 -1.01602
1 -0.987901
1.5 -0.86308
2 -0.653775
2.5 -0.380474
3 -0.0699289
3.5 0.247461
4 0.540627
4.5 0.780874
5 0.944682
5.5 1.01602
6 0.987901
6.5 0.86308
7 0.653775
7.5 0.380474
8 0.0699288
8.5 -0.247461
9 -0.540627
9.5 -0.780873
10 -0.944682
10.5 -1.01602
11 -0.987901
11.5 -0.86308
12 -0.653775
12.5 -0.380473
13 -0.069929
13.5 0.247461
14 0.540627
14.5 0.780874
15 0.944682
15.5 1.01602
16 0.987901
16.5 0.86308
17 0.653775
17.5 0.380474
18 0.0699289
18.5 -0.247461
19 -0.540627
19.5 -0.780874
20 -0.944682


0 -0.759407
0.5 -0.932079
1 -1.01351
1.5 -0.995736
2 -0.880491
2.5 -0.679056
3 -0.411152
3.5 -0.103
4 0.215234
4.5 0.512399
5 0.759407
5.5 0.932079
6 1.01351
6.5 0.995736
7 0.880491
7.5 0.679056
8 0.411152
8.5 0.103
9 -0.215233
9.5 -0.512399
10 -0.759407
10.5 -0.932079
11 -1.01351
11.5 -0.995736
12 -0.880491
12.5 -0.679057
13 -0.411151
13.5 -0.103
14 0.215234
14.5 0.512398
15 0.759407
15.5 0.932078
16 1.01351
16.5 0.995736
17 0.880491
17.5 0.679056
18 0.411152
18.5 0.103
19 -0.215233
19.5 -0.512399
20 -0.759407


0 -0.483609
0.5 -0.737121
1 -0.918479
1.5 -1.00993
2 -1.00252
2.5 -0.896978
3 -0.703633
3.5 -0.441412
4 -0.135982
4.5 0.182758
5 0.483609
5.5 0.737121
6 0.918479
6.5 1.00993
7 1.00252
7.5 0.896978
8 0.703633
8.5 0.441412
9 0.135982
9.5 -0.182758
10 -0.48361
10.5 -0.737121
11 -0.918479
11.5 -1.00993
12 -1.00252
12.5 -0.896978
13 -0.703634
13.5 -0.441412
14 -0.135983
14.5 0.182759
15 0.483609
15.5 0.737122
16 0.918478
16.5 1.00993
17 1.00252
17.5 0.896978
18 0.703633
18.5 0.441412
19 0.135982
19.5 -0.182758
20 -0.483609


0 -0.15007
0.5 -0.45429
1 -0.714041
1.5 -0.903896
2 -1.00527
2.5 -1.00825
3 -0.912525
3.5 -0.727479
4 -0.471223
4.5 -0.16884
5 0.15007
5.5 0.45429
6 0.714041
6.5 0.903896
7 1.00527
7.5 1.00825
8 0.912525
8.5 0.727479
9 0.471223
9.5 0.16884
10 -0.150069
10.5 -0.45429
11 -0.714041
11.5 -0.903897
12 -1.00527
12.5 -1.00825
13 -0.912524
13.5 -0.727479
14 -0.471223
14.5 -0.168841
15 0.15007
15.5 0.454289
16 0.714041
16.5 0.903896
17 1.00527
17.5 1.00825
18 0.912525
18.5 0.727479
19 0.471223
19.5 0.16884
20 -0.15007


0 0.201539
0.5 -0.117202
1 -0.42447
1.5 -0.690189
2 -0.888347
2.5 -0.999547
3 -1.0129
3.5 -0.927112
4 -0.750568
4.5 -0.500552
5 -0.201539
5.5 0.117202
6 0.42447
6.5 0.690189
7 0.888347
7.5 0.999547
8 1.0129
8.5 0.927113
9 0.750567
9.5 0.500553
10 0.201539
10.5 -0.117201
11 -0.424471
11.5 -0.690188
12 -0.888347
12.5 -0.999547
13 -1.01291
13.5 -0.927112
14 -0.750568
14.5 -0.500552
15 -0.20154
15.5 0.117202
16 0.42447
16.5 0.690189
17 0.888346
17.5 0.999547
18 1.0129
18.5 0.927113
19 0.750567
19.5 0.500552
20 0.201539


0 0.529369
0.5 0.234044
1 -0.0841896
1.5 -0.394183
2 -0.66559
2.5 -0.871845
3 -0.992758
3.5 -1.01649
4 -0.940726
4.5 -0.772874
5 -0.529369
5.5 -0.234044
6 0.0841897
6.5 0.394183
7 0.66559
7.5 0.871845
8 0.992758
8.5 1.01649
9 0.940726
9.5 0.772874
10 0.529369
10.5 0.234044
11 -0.0841892
11.5 -0.394183
12 -0.66559
12.5 -0.871846
13 -0.992758
13.5 -1.01649
14 -0.940725
14.5 -0.772875
15 -0.529368
15.5 -0.234045
16 0.0841905
16.5 0.394182
17 0.665591
17.5 0.871845
18 0.992759
18.5 1.01649
19 0.940726
19.5 0.772874
20 0.529369


0 0.794375
0.5 0.557641
1 0.266321
1.5 -0.0510681
2 -0.363459
2.5 -0.640271
3 -0.854409
3.5 -0.984912
4 -1.019
4.5 -0.95335
5 -0.794375
5.5 -0.557641
6 -0.266321
6.5 0.0510682
7 0.363458
7.5 0.640271
8 0.854409
8.5 0.984912
9 1.019
9.5 0.953351
10 0.794374
10.5 0.557642
11 0.26632
11.5 -0.0510676
12 -0.363459
12.5 -0.64027
13 -0.85441
13.5 -0.984911
14 -1.01901
14.5 -0.953349
15 -0.794376
15.5 -0.55764
16 -0.266322
16.5 0.0510693
17 0.363457
17.5 0.640272
18 0.854408
18.5 0.984913
19 1.019
19.5 0.953351
20 0.794375


0 0.964972
0.5 0.815046
1 0.585339
1.5 0.298335
2 -0.0178723
2.5 -0.33233
3 -0.614257
3.5 -0.836056
4 -0.976017
4.5 -1.02044
5 -0.964971
5.5 -0.815046
6 -0.585339
6.5 -0.298335
7 0.0178724
7.5 0.33233
8 0.614258
8.5 0.836056
9 0.976017
9.5 1.02044
10 0.964972
10.5 0.815045
11 0.58534
11.5 0.298334
12 -0.0178715
12.5 -0.332331
13 -0.614256
13.5 -0.836057
14 -0.976016
14.5 -1.02044
15 -0.96497
15.5 -0.815047
16 -0.585338
16.5 -0.298336
17 0.0178739
17.5 0.332329
18 0.614259
18.5 0.836055
19 0.976018
19.5 1.02044
20 0.964972


0 1.02079
0.5 0.975576
1 0.834865
1.5 0.612434
2 0.330052
2.5 0.0153626
3 -0.30083
3.5 -0.587576
4 -0.816805
4.5 -0.966081
5 -1.02079
5.5 -0.975576
6 -0.834865
6.5 -0.612434
7 -0.330052
7.5 -0.0153625
8 0.30083
8.5 0.587577
9 0.816805
9.5 0.966082
10 1.02079
10.5 0.975577
11 0.834864
11.5 0.612435
12 0.33005
12.5 0.0153639
13 -0.300832
13.5 -0.587575
14 -0.816807
14.5 -0.966079
15 -1.02079
15.5 -0.975574
16 -0.834867
16.5 -0.612431
17 -0.330054
17.5 -0.0153605
18 0.300828
18.5 0.587578
19 0.816804
19.5 0.966082
20 1.02079


0 0.955116
0.5 1.02006
1 0.985153
1.5 0.853811
2 0.638895
2.5 0.361438
3 0.0486015
3.5 -0.268992
4 -0.560256
4.5 -0.796677
5 -0.955115
5.5 -1.02006
6 -0.985152
6.5 -0.853811
7 -0.638895
7.5 -0.361438
8 -0.0486013
8.5 0.268992
9 0.560256
9.5 0.796676
10 0.955116
10.5 1.02006
11 0.985153
11.5 0.85381
12 0.638896
12.5 0.361436
13 0.0486033
13.5 -0.268994
14 -0.560254
14.5 -0.796679
15 -0.955112
15.5 -1.02006
16 -0.985149
16.5 -0.853814
17 -0.638892
17.5 -0.361441
18 -0.0485985
18.5 0.26899
19 0.560258
19.5 0.796675
20 0.955116


0 0.775688
0.5 0.943131
1 1.01824
1.5 0.99369
2 0.871862
2.5 0.664695
3 0.39246
3.5 0.0818091
4 -0.23685
4.5 -0.532325
5 -0.77569
5.5 -0.943129
6 -1.01824
6.5 -0.99369
7 -0.871863
7.5 -0.664695
8 -0.39246
8.5 -0.0818088
9 0.236849
9.5 0.532326
10 0.77569
10.5 0.94313
11 1.01824
11.5 0.993691
12 0.871861
12.5 0.664697
13 0.392457
13.5 0.0818117
14 -0.236852
14.5 -0.532322
15 -0.775694
15.5 -0.943125
16 -1.01825
16.5 -0.993685
17 -0.871867
17.5 -0.66469
18 -0.392464
18.5 -0.0818049
19 0.236846
19.5 0.532328
20 0.775688


0 0.503817
0.5 0.753866
1 0.930138
1.5 1.01535
2 1.00118
2.5 0.889
3 0.689806
3.5 0.423084
4 0.11495
4.5 -0.204436
5 -0.503813
5.5 -0.753869
6 -0.930136
6.5 -1.01535
7 -1.00118
7.5 -0.889001
8 -0.689805
8.5 -0.423085
9 -0.11495
9.5 0.204435
10 0.503813
10.5 0.753868
11 0.930137
11.5 1.01535
12 1.00118
12.5 0.888998
13 0.689809
13.5 0.423081
14 0.114954
14.5 -0.20444
15 -0.503808
15.5 -0.753874
16 -0.93013
16.5 -1.01536
17 -1.00117
17.5 -0.889007
18 -0.689799
18.5 -0.423091
19 -0.114944
19.5 0.204431
20 0.503817


0 0.171779
0.5 0.474754
1 0.73123
1.5 0.916151
2 1.01137
2.5 1.00761
3 0.905206
3.5 0.7142
4 0.453279
4.5 0.147989
5 -0.171786
5.5 -0.474748
6 -0.731234
6.5 -0.916148
7 -1.01138
7.5 -1.00761
8 -0.905207
8.5 -0.7142
9 -0.453279
9.5 -0.147988
10 0.171785
10.5 0.47475
11 0.731232
11.5 0.916151
12 1.01137
12.5 1.00761
13 0.905203
13.5 0.714204
14 0.453274
14.5 0.147995
15 -0.171792
15.5 -0.474742
16 -0.731241
16.5 -0.91614
17 -1.01138
17.5 -1.0076
18 -0.905216
18.5 -0.714191
19 -0.453288
19.5 -0.147981
20 0.171779


0 -0.18088
0.5 0.138924
1 0.445171
1.5 0.707804
2 0.901185
2.5 1.00632
3 1.01298
3.5 0.920461
4 0.737852
4.5 0.483011
5 0.180891
5.5 -0.138933
6 -0.445163
6.5 -0.70781
7 -0.901181
7.5 -1.00633
8 -1.01298
8.5 -0.920462
9 -0.737851
9.5 -0.483012
10 -0.18089
10.5 0.138932
11 0.445166
11.5 0.707807
12 0.901184
12.5 1.00632
13 1.01298
13.5 0.920456
14 0.737858
14.5 0.483004
15 0.180899
15.5 -0.138942
16 -0.445154
16.5 -0.70782
17 -0.90117
17.5 -1.00634
18 -1.01297
18.5 -0.920475
19 -0.737839
19.5 -0.483023
20 -0.18088


0 -0.512266
0.5 -0.213606
1 0.1059
1.5 0.415099
2 0.683613
2.5 0.885254
3 1.0002
3.5 1.01728
4 0.934749
4.5 0.760736
5 0.512249
5.5 0.213621
6 -0.105913
6.5 -0.415089
7 -0.683621
7.5 -0.885249
8 -1.00021
8.5 -1.01727
9 -0.934751
9.5 -0.760735
10 -0.512251
10.5 -0.21362
11 0.105911
11.5 0.415092
12 0.683616
12.5 0.885254
13 1.0002
13.5 1.01728
14 0.934742
14.5 0.760745
15 0.512239
15.5 0.213633
16 -0.105926
16.5 -0.415075
17 -0.683636
17.5 -0.885233
18 -1.00023
18.5 -1.01726
19 -0.934769
19.5 -0.760717
20 -0.512266


0 -0.782801
0.5 -0.540986
1 -0.246124
1.5 0.0727428
2 0.384569
2.5 0.658681
3 0.868376
3.5 0.99302
4 1.0205
4.5 0.948055
5 0.782826
5.5 0.540962
6 0.246145
6.5 -0.0727601
7 -0.384556
7.5 -0.658691
8 -0.868369
8.5 -0.993024
9 -1.02049
9.5 -0.948057
10 -0.782825
10.5 -0.540964
11 -0.246142
11.5 0.0727565
12 0.384561
12.5 0.658685
13 0.868376
13.5 0.993015
14 1.02051
14.5 0.948043
15 0.78284
15.5 0.540947
16 0.246162
16.5 -0.0727788
17 -0.384536
17.5 -0.658713
18 -0.868345
18.5 -0.993049
19 -1.02047
19.5 -0.948082
20 -0.782801


0 -0.9604
0.5 -0.804065
1 -0.569152
1.5 -0.278398
2 0.0394858
2.5 0.353615
3 0.633034
3.5 0.850567
4 0.984777
4.5 1.02264
5 0.960363
5.5 0.8041
6 0.569119
6.5 0.278426
7 -0.0395092
7.5 -0.353597
8 -0.633047
8.5 -0.850558
9 -0.984782
9.5 -1.02263
10 -0.960365
10.5 -0.804098
11 -0.569122
11.5 -0.278422
12 0.0395036
12.5 0.353604
13 0.633038
13.5 0.850569
14 0.984769
14.5 1.02265
15 0.960346
15.5 0.80412
16 0.569097
16.5 0.278451
17 -0.0395362
17.5 -0.353568
18 -0.633078
18.5 -0.850524
19 -0.984817
19.5 -1.0226
20 -0.9604


0 -1.02364
0.5 -0.971712
1 -0.824485
1.5 -0.596735
2 -0.310393
2.5 0.00616376
3 0.32227
3.5 0.606697
4 0.831847
4.5 0.975483
5 1.0237
5.5 0.971659
6 0.824534
6.5 0.596691
7 0.310431
7.5 -0.00619526
8 -0.322246
8.5 -0.606715
9 -0.831835
9.5 -0.975491
10 -1.02369
10.5 -0.971663
11 -0.824531
11.5 -0.596695
12 -0.310425
12.5 0.00618686
13 0.322256
13.5 0.606701
14 0.831852
14.5 0.97547
15 1.02372
15.5 0.971635
16 0.824563
16.5 0.596658
17 0.310467
17.5 -0.00623436
18 -0.322203
18.5 -0.60676
19 -0.831787
19.5 -0.975541
20 -1.02364


0 -0.965229
0.5 -1.02359
1 -0.982006
1.5 -0.844037
2 -0.623707
2.5 -0.342073
3 -0.0271892
3.5 0.290567
4 0.579699
4.5 0.812235
5 0.965148
5.5 1.02367
6 0.981932
6.5 0.844106
7 0.623646
7.5 0.342125
8 0.0271467
8.5 -0.290534
9 -0.579722
9.5 -0.812219
10 -0.965158
10.5 -1.02366
11 -0.981938
11.5 -0.8441
12 -0.623653
12.5 -0.342116
13 -0.0271595
13.5 0.290551
14 0.579702
14.5 0.812245
15 0.965127
15.5 1.0237
16 0.981896
16.5 0.844148
17 0.623599
17.5 0.342177
18 0.0270902
18.5 -0.290473
19 -0.579788
19.5 -0.812151
20 -0.965229


0 -0.791634
0.5 -0.953895
1 -1.02245
1.5 -0.991273
2 -0.862699
2.5 -0.650042
3 -0.373403
3.5 -0.060539
4 0.258541
4.5 0.552067
5 0.791752
5.5 0.953782
6 1.02256
6.5 0.99117
7 0.862793
7.5 0.649958
8 0.373475
8.5 0.0604819
9 -0.258498
9.5 -0.552097
10 -0.791732
10.5 -0.953795
11 -1.02255
11.5 -0.991178
12 -0.862785
12.5 -0.649969
13 -0.37346
13.5 -0.0605013
14 0.258522
14.5 0.552066
15 0.79177
15.5 0.95375
16 1.0226
16.5 0.991116
17 0.862855
17.5 0.649889
18 0.37355
18.5 0.0604003
19 -0.25841
19.5 -0.552191
20 -0.791634


0 -0.524001
0.5 -0.770254
1 -0.941555
1.5 -1.02021
2 -0.999506
2.5 -0.880445
3 -0.675714
3.5 -0.404348
4 -0.0938525
4.5 0.226227
5 0.523827
5.5 0.77042
6 0.941395
6.5 1.02036
7 0.999363
7.5 0.880576
8 0.675599
8.5 0.404445
9 0.0937758
9.5 -0.22617
10 -0.523867
10.5 -0.770393
11 -0.941412
11.5 -1.02035
12 -0.999374
12.5 -0.880563
13 -0.675615
13.5 -0.404422
14 -0.093805
14.5 0.226207
15 0.523821
15.5 0.770449
16 0.941346
16.5 1.02043
17 0.999284
17.5 0.880666
18 0.675499
18.5 0.404554
19 0.0936578
19.5 -0.226043
20 -0.524001


0 -0.193403
0.5 -0.495254
1 -0.748028
1.5 -0.928224
2 -1.01687
2.5 -1.0067
3 -0.897254
3.5 -0.700698
4 -0.434871
4.5 -0.127097
5 0.193661
5.5 0.495009
6 0.748262
6.5 0.928
7 1.01708
7.5 1.0065
8 0.897434
8.5 0.700541
9 0.435001
9.5 0.126994
10 -0.193585
10.5 -0.495062
11 -0.748227
11.5 -0.928023
12 -1.01707
12.5 -1.00652
13 -0.897415
13.5 -0.700566
14 -0.434967
14.5 -0.127038
15 0.193641
15.5 0.494993
16 0.74831
16.5 0.927925
17 1.01718
17.5 1.00639
18 0.897565
18.5 0.700396
19 0.435159
19.5 0.126824
20 -0.193403


0 0.159857
0.5 -0.160519
1 -0.465985
1.5 -0.724973
2 -0.913925
2.5 -1.01243
3 -1.01285
3.5 -0.913099
4 -0.724974
4.5 -0.464934
5 -0.16024
5.5 0.160882
6 0.46564
6.5 0.725303
7 0.913609
7.5 1.01273
8 1.01258
8.5 0.913348
9 0.724759
9.5 0.465111
10 0.160103
10.5 -0.160781
11 -0.46571
11.5 -0.725256
12 -0.913641
12.5 -1.0127
13 -1.0126
13.5 -0.913318
14 -0.724798
14.5 -0.465059
15 -0.160169
15.5 0.160864
16 0.465607
16.5 0.725379
17 0.913496
17.5 1.01287
18 1.01241
18.5 0.913538
19 0.724549
19.5 0.465338
20 0.159857


0 0.495067
0.5 0.192715
1 -0.127416
1.5 -0.436234
2 -0.701103
2.5 -0.89868
3 -1.00688
3.5 -1.01797
4 -0.927956
4.5 -0.748522
5 -0.4945
5.5 -0.193252
6 0.127926
6.5 0.435749
7 0.701567
7.5 0.898238
8 1.00729
8.5 1.01759
9 0.928299
9.5 0.748229
10 0.494738
10.5 0.193068
11 -0.127792
11.5 -0.435841
12 -0.701505
12.5 -0.898281
13 -1.00726
13.5 -1.01762
14 -0.928253
14.5 -0.748289
15 -0.49466
15.5 -0.193168
16 0.127916
16.5 0.435689
17 0.701686
17.5 0.898068
18 1.0075
18.5 1.01734
19 0.928575
19.5 0.747925
20 0.495067


0 0.770489
0.5 0.524325
1 0.22535
1.5 -0.0941174
2 -0.406046
2.5 -0.67643
3 -0.88252
3.5 -1.00021
4 -1.02205
4.5 -0.941797
5 -0.771327
5.5 -0.523528
6 -0.226105
6.5 0.0948331
7 0.405364
7.5 0.677081
8 0.881901
8.5 1.00079
9 1.02152
9.5 0.942268
10 0.770928
10.5 0.52385
11 0.225859
11.5 -0.0946555
12 -0.405486
12.5 -0.676998
13 -0.88196
13.5 -1.00073
14 -1.02158
14.5 -0.942198
15 -0.771019
15.5 -0.523732
16 -0.226009
16.5 0.0948413
17 0.405261
17.5 0.677266
18 0.881646
18.5 1.0011
19 1.02116
19.5 0.942669
20 0.770489


0 0.955817
0.5 0.792201
1 0.553095
1.5 0.257712
2 -0.0606396
2.5 -0.375471
3 -0.650958
3.5 -0.86548
4 -0.992406
4.5 -1.02512
5 -0.954592
5.5 -0.793377
6 -0.551977
6.5 -0.258771
7 0.0616452
7.5 0.374513
8 0.651872
8.5 0.864614
9 0.993214
9.5 1.02438
10 0.955236
10.5 0.792836
11 0.55241
11.5 0.258443
12 -0.0614099
12.5 -0.374675
13 -0.651762
13.5 -0.864696
14 -0.993139
14.5 -1.02447
15 -0.95513
15.5 -0.792974
16 -0.552232
16.5 -0.258668
17 0.0616866
17.5 0.374341
18 0.652157
18.5 0.864234
19 0.993671
19.5 1.02386
20 0.955817


0 1.02541
0.5 0.968027
1 0.813016
1.5 0.58137
2 0.28974
2.5 -0.0269925
3 -0.344569
3.5 -0.624689
4 -0.847606
4.5 -0.983457
5 -1.02718
5.5 -0.966303
6 -0.814668
6.5 -0.579801
7 -0.291228
7.5 0.0284055
8 0.343223
8.5 0.62597
9 0.846395
9.5 0.98458
10 1.02617
10.5 0.967185
11 0.813933
11.5 0.580383
12 0.290791
12.5 -0.0280936
13 -0.343438
13.5 -0.625821
14 -0.846511
14.5 -0.98447
15 -1.02629
15.5 -0.967023
16 -0.814143
16.5 -0.580115
17 -0.291126
17.5 0.0285051
18 0.342943
18.5 0.626404
19 0.845832
19.5 0.98525
20 1.02541


0 0.97587
0.5 1.02577
1 0.979313
1.5 0.832882
2 0.609152
2.5 0.321367
3 0.00682538
3.5 -0.313411
4 -0.597608
4.5 -0.828953
5 -0.973331
5.5 -1.02828
6 -0.976889
6.5 -0.835201
7 -0.60695
7.5 -0.323456
8 -0.00484007
8.5 0.31152
9 0.599405
9.5 0.827264
10 0.974889
10.5 1.02688
11 0.978093
11.5 0.834206
12 0.607731
12.5 0.322874
13 0.00525361
13.5 -0.311806
14 -0.599202
14.5 -0.827427
15 -0.974727
15.5 -1.02707
16 -0.977848
16.5 -0.834523
17 -0.607328
17.5 -0.323375
18 -0.00464254
18.5 0.311076
19 0.600061
19.5 0.826431
20 0.97587


0 0.806012
0.5 0.96558
1 1.02492
1.5 0.989705
2 0.851732
2.5 0.636459
3 0.352508
3.5 0.0408312
4 -0.282085
4.5 -0.56969
5 -0.809597
5.5 -0.961989
6 -1.02845
6.5 -0.986296
7 -0.854987
7.5 -0.633368
8 -0.355441
8.5 -0.0380423
9 0.279431
9.5 0.572206
10 0.807241
10.5 0.964148
11 1.02653
11.5 0.98794
12 0.853643
12.5 0.634415
13 0.354666
13.5 0.0385911
14 -0.279812
14.5 -0.571928
15 -0.807475
15.5 -0.963906
16 -1.02682
16.5 -0.987568
17 -0.854121
17.5 -0.633811
18 -0.355414
18.5 -0.0376846
19 0.278733
19.5 0.573193
20 0.806012


0 0.545882
0.5 0.784543
1 0.954445
1.5 1.02279
2 0.999251
2.5 0.869481
3 0.66333
3.5 0.383058
4 0.0750649
4.5 -0.250701
5 -0.540887
5.5 -0.789631
6 -0.949369
6.5 -1.02776
7 -0.99446
7.5 -0.874052
8 -0.65899
8.5 -0.387177
9 -0.0711479
9.5 0.246977
10 0.544406
10.5 0.786352
11 0.952356
11.5 1.02512
12 0.996698
12.5 0.872237
13 0.660392
13.5 0.386146
14 0.0718772
14.5 -0.247489
15 -0.544022
15.5 -0.786688
16 -0.951996
16.5 -1.02556
17 -0.996135
17.5 -0.872957
18 -0.659487
18.5 -0.387259
19 -0.0705341
19.5 0.245897
20 0.545882


0 0.212526
0.5 0.518234
1 0.761967
1.5 0.942557
2 1.0193
2.5 1.00803
3 0.88602
3.5 0.689832
4 0.41288
4.5 0.109598
5 -0.219403
5.5 -0.511117
6 -0.769183
6.5 -0.935387
7 -1.0263
7.5 -1.0013
8 -0.892437
8.5 -0.683739
9 -0.418665
9.5 -0.104099
10 0.214183
10.5 0.516034
11 0.764623
11.5 0.939514
12 1.02268
12.5 1.00434
13 0.889989
13.5 0.685615
14 0.417293
14.5 0.10507
15 -0.214873
15.5 -0.515501
16 -0.765112
16.5 -0.938975
17 -1.02335
17.5 -1.00349
18 -0.891072
18.5 -0.684263
19 -0.418948
19.5 -0.103082
20 0.212526


0 -0.135187
0.5 0.178546
1 0.490388
1.5 0.738197
2 0.930042
2.5 1.01434
3 1.01615
3.5 0.901197
4 0.716079
4.5 0.441793
5 0.144549
5.5 -0.188381
6 -0.480258
6.5 -0.748422
7 -0.91992
7.5 -1.02419
8 -1.00669
8.5 -0.910206
9 -0.707524
9.5 -0.449917
10 -0.136831
10.5 0.181068
11 0.487122
11.5 0.742089
12 0.925614
12.5 1.01924
13 1.01082
13.5 0.906909
14 0.710033
14.5 0.44809
15 0.138126
15.5 -0.182004
16 -0.486374
16.5 -0.742804
17 -0.924804
17.5 -1.02025
18 -1.00954
18.5 -0.908535
19 -0.708014
19.5 -0.450549
20 -0.135187


0 -0.482175
0.5 -0.166664
1 0.14384
1.5 0.462529
2 0.713097
2.5 0.917075
3 1.00774
3.5 1.02378
4 0.914804
4.5 0.742245
5 0.469555
5.5 0.1801
6 -0.157889
6.5 -0.448124
7 -0.727575
7.5 -0.902796
8 -1.02159
8.5 -1.0105
9 -0.927454
9.5 -0.730234
10 -0.480961
10.5 -0.169272
11 0.147653
11.5 0.457696
12 0.718793
12.5 0.910639
13 1.01483
13.5 1.0161
14 0.923018
14.5 0.733586
15 0.478527
15.5 0.171006
16 -0.148931
16.5 -0.456637
17 -0.719843
17.5 -0.909422
18 -1.01635
18.5 -1.01416
19 -0.925456
19.5 -0.730576
20 -0.482175


0 -0.751725
0.5 -0.514001
1 -0.197265
1.5 0.108225
2 0.43491
2.5 0.686467
3 0.903905
3.5 0.999255
4 1.03118
4.5 0.926553
5 0.768592
5.5 0.495831
6 0.216526
6.5 -0.128272
7 -0.414447
7.5 -0.706949
8 -0.883773
8.5 -1.01875
9 -1.01252
9.5 -0.944313
10 -0.751728
10.5 -0.511842
11 -0.201343
11.5 0.113957
12 0.427777
12.5 0.694787
13 0.89456
13.5 1.00951
14 1.02011
14.5 0.938352
15 0.756207
15.5 0.508597
16 0.203673
16.5 -0.115712
17 -0.426268
17.5 -0.696339
18 -0.892728
18.5 -1.01181
19 -1.01719
19.5 -0.942
20 -0.751725


0 -0.958418
0.5 -0.771152
1 -0.546293
1.5 -0.226648
2 0.071424
2.5 0.407878
3 0.658008
3.5 0.890882
4 0.988551
4.5 1.03871
5 0.936035
5.5 0.795509
6 0.520159
6.5 0.25423
7 -0.100003
7.5 -0.378834
8 -0.686965
8.5 -0.862509
9 -1.01596
9.5 -1.0125
10 -0.96097
10.5 -0.771833
11 -0.542628
11.5 -0.232954
12 0.0800004
12.5 0.397378
13 0.670144
13.5 0.877325
14 1.00337
14.5 1.02276
15 0.952965
15.5 0.777816
16 0.538294
16.5 0.236097
17 -0.0824304
17.5 -0.395208
18 -0.672448
18.5 -0.874566
19 -1.00684
19.5 -1.01838
20 -0.958418


0 -1.01738
0.5 -0.975077
1 -0.788424
1.5 -0.579445
2 -0.254344
2.5 0.0330308
3 0.381915
3.5 0.627285
4 0.878502
4.5 0.975128
5 1.0469
5.5 0.942672
6 0.823562
6.5 0.541895
7 0.2938
7.5 -0.0737313
8 -0.340729
8.5 -0.668195
9 -0.838535
9.5 -1.01366
10 -1.01009
10.5 -0.97768
11 -0.790328
11.5 -0.573415
12 -0.264007
12.5 0.0458089
13 0.366495
13.5 0.644964
14 0.858855
14.5 0.996527
15 1.02395
15.5 0.96694
16 0.798321
16.5 0.567615
17 0.268266
17.5 -0.0491981
18 -0.363352
18.5 -0.648395
19 -0.854698
19.5 -1.00175
20 -1.01738


0 -0.997004
0.5 -1.01367
1 -0.992514
1.5 -0.802935
2 -0.61403
2.5 -0.279698
3 -0.007551
3.5 0.3577
4 0.59366
4.5 0.867473
5 0.958271
5.5 1.05651
6 0.945643
6.5 0.853575
7 0.560136
7.5 0.336083
8 -0.0503573
8.5 -0.29934
9 -0.651425
9.5 -0.811194
10 -1.01243
10.5 -1.00481
11 -0.994789
11.5 -0.806932
12 -0.604333
12.5 -0.29439
13 0.0114185
13.5 0.335096
14 0.619383
14.5 0.839024
15 0.989141
15.5 1.02351
16 0.980387
16.5 0.817616
17 0.596554
17.5 0.300194
18 -0.0161816
18.5 -0.330517
19 -0.624506
19.5 -0.832764
20 -0.997004


0 -0.808224
0.5 -0.993256
1 -1.00652
1.5 -1.01151
2 -0.813827
2.5 -0.650883
3 -0.301792
3.5 -0.0511871
4 0.336186
4.5 0.556213
5 0.858802
5.5 0.936947
6 1.06863
6.5 0.943774
7 0.886735
7.5 0.57361
8 0.382287
8.5 -0.0311296
9 -0.253555
9.5 -0.637728
10 -0.779582
10.5 -1.01306
11 -0.996026
11.5 -1.01276
12 -0.821288
12.5 -0.635555
13 -0.323988
13.5 -0.0231157
14 0.303112
14.5 0.593595
15 0.817646
15.5 0.981441
16 1.02124
16.5 0.993458
17 0.835581
17.5 0.625089
18 0.331944
18.5 0.0163709
19 -0.296403
19.5 -0.601259
20 -0.808224


0 -0.579357
0.5 -0.780274
1 -0.991474
1.5 -0.994878
2 -1.03319
2.5 -0.819884
3 -0.691209
3.5 -0.31933
4 -0.0991285
4.5 0.318724
5 0.51361
5.5 0.853932
6 0.90967
6.5 1.08484
7 0.935394
7.5 0.924746
8 0.580527
8.5 0.434133
9 -0.0177833
9.5 -0.20181
10 -0.628583
10.5 -0.742456
11 -1.01662
11.5 -0.9829
12 -1.03223
12.5 -0.83294
13 -0.6673
13.5 -0.352681
14 -0.0577044
14.5 0.27041
15 0.567875
15.5 0.794447
16 0.973744
16.5 1.01687
17 1.00635
17.5 0.852084
18 0.65317
18.5 0.363655
19 0.0480838
19.5 -0.260533
20 -0.579357


0 -0.222166
0.5 -0.559831
1 -0.747725
1.5 -0.993054
2 -0.977209
2.5 -1.05917
3 -0.819375
3.5 -0.736739
4 -0.33048
4.5 -0.153177
5 0.307235
5.5 0.463926
6 0.854927
6.5 0.8743
7 1.10742
7.5 0.918112
8 0.970049
8.5 0.578363
9 0.494058
9.5 -0.0127317
10 -0.141923
10.5 -0.626011
11 -0.698105
11.5 -1.02456
12 -0.964294
12.5 -1.05401
13 -0.84131
13.5 -0.699842
14 -0.380356
14.5 -0.0922014
15 0.236764
15.5 0.542618
16 0.769027
16.5 0.966482
17 1.01001
17.5 1.01932
18 0.866992
18.5 0.680689
19 0.395595
19.5 0.0783841
20 -0.222166


0 0.106398
0.5 -0.180162
1 -0.5442
1.5 -0.708827
2 -1.00002
2.5 -0.951316
3 -1.0918
3.5 -0.809839
4 -0.789957
4.5 -0.332639
5 -0.215923
5.5 0.304453
6 0.404386
6.5 0.864745
7 0.827754
7.5 1.13962
8 0.888519
8.5 1.02612
9 0.563557
9.5 0.565505
10 -0.019332
10.5 -0.0708541
11 -0.632792
11.5 -0.644189
12 -1.03884
12.5 -0.93869
13 -1.07919
13.5 -0.845666
14 -0.733514
14.5 -0.406927
15 -0.126369
15.5 0.201809
16 0.518385
16.5 0.740816
17 0.960247
17.5 1.00019
18 1.03269
18.5 0.880189
19 0.707432
19.5 0.428232
20 0.106398


0 0.462356
0.5 0.130792
1 -0.132791
1.5 -0.534698
2 -0.661014
2.5 -1.01529
3 -0.914033
3.5 -1.13441
4 -0.787769
4.5 -0.854422
5 -0.32211
5.5 -0.291085
6 0.314283
6.5 0.330996
7 0.887631
7.5 0.765605
8 1.18611
8.5 0.841749
9 1.09793
9.5 0.531088
10 0.653322
10.5 -0.0422527
11 0.0156195
11.5 -0.652732
12 -0.57751
12.5 -1.06209
13 -0.904068
13.5 -1.10922
14 -0.845087
14.5 -0.768704
15 -0.432364
15.5 -0.159825
16 0.164973
16.5 0.495977
17 0.709001
17.5 0.955843
18 0.986765
18.5 1.04682
19 0.891611
19.5 0.733007
20 0.462356


0 0.756722
0.5 0.499251
1 0.149543
1.5 -0.0774422
2 -0.534605
2.5 -0.600532
3 -1.04311
3.5 -0.860811
4 -1.1918
4.5 -0.74816
5 -0.935224
5.5 -0.293623
6 -0.383997
6.5 0.342307
7 0.238006
7.5 0.929673
8 0.681488
8.5 1.25357
9 0.770865
9.5 1.19251
10 0.473886
10.5 0.764318
11 -0.0879822
11.5 0.123351
12 -0.691043
12.5 -0.493708
13 -1.09787
13.5 -0.857742
14 -1.14596
14.5 -0.838428
15 -0.805847
15.5 -0.456744
16 -0.191963
16.5 0.125384
17 0.476534
17.5 0.672441
18 0.954353
18.5 0.968919
19 1.06216
19.5 0.901308
20 0.756722


0 0.909558
0.5 0.777396
1 0.540971
1.5 0.159582
2 -0.0102079
2.5 -0.548728
3 -0.521906
3.5 -1.08957
4 -0.785107
4.5 -1.27085
5 -0.683877
5.5 -1.03964
6 -0.239669
6.5 -0.502311
7 0.396515
7.5 0.117148
8 0.999606
8.5 0.566266
9 1.35158
9.5 0.665986
10 1.31987
10.5 0.381992
11 0.908048
11.5 -0.165531
12 0.260436
12.5 -0.754859
13 -0.386856
13.5 -1.15094
14 -0.796153
14.5 -1.19184
15 -0.824277
15.5 -0.845395
16 -0.480331
16.5 -0.221839
17 0.0817305
17.5 0.461674
18 0.629546
18.5 0.957224
19 0.94562
19.5 1.07914
20 0.909558


0 1.09815
0.5 0.91704
1 0.793065
1.5 0.590748
2 0.15628
2.5 0.0747378
3 -0.584107
3.5 -0.417173
4 -1.16348
4.5 -0.677533
5 -1.3814
5.5 -0.584735
6 -1.17808
6.5 -0.149524
7 -0.656994
7.5 0.488352
8 -0.0434673
8.5 1.10997
9 0.406834
9.5 1.49381
10 0.51305
10.5 1.49418
11 0.241407
11.5 1.09788
12 -0.287396
12.5 0.438046
13 -0.853924
13.5 -0.24891
14 -1.2277
14.5 -0.714606
15 -1.24997
15.5 -0.800925
16 -0.887763
16.5 -0.503701
17 -0.247995
17.5 0.0320723
18 0.453676
18.5 0.578118
19 0.966366
19.5 0.915598
20 1.09815


0 0.877341
0.5 1.11941
1 0.925129
1.5 0.800528
2 0.653606
2.5 0.132683
3 0.18604
3.5 -0.651028
4 -0.274769
4.5 -1.27751
5 -0.524616
5.5 -1.53752
6 -0.436195
6.5 -1.36542
7 -0.00787156
7.5 -0.863773
8 0.634223
8.5 -0.260922
9 1.27874
9.5 0.18441
10 1.69979
10.5 0.292073
11 1.73546
11.5 0.0324627
12 1.3525
12.5 -0.470898
13 0.671578
13.5 -1.00153
14 -0.0689779
14.5 -1.33667
15 -0.606927
15.5 -1.32435
16 -0.766342
16.5 -0.933229
17 -0.527931
17.5 -0.268218
18 -0.026432
18.5 0.455741
19 0.515147
19.5 0.984275
20 0.877341


0 1.01416
0.5 0.829135
1 1.14267
1.5 0.936362
2 0.79465
2.5 0.737284
3 0.0783738
3.5 0.33648
4 -0.764499
4.5 -0.0779344
5 -1.44992
5.5 -0.307044
6 -1.75933
6.5 -0.2175
7 -1.62292
7.5 0.207183
8 -1.1452
8.5 0.857652
9 -0.559757
9.5 1.5317
10 -0.127899
10.5 1.99738
11 -0.0253171
11.5 2.07203
12 -0.27243
12.5 1.69796
13 -0.740003
13.5 0.982201
14 -1.2158
14.5 0.16765
15 -1.48924
15.5 -0.465035
16 -1.42002
16.5 -0.718183
17 -0.981766
17.5 -0.554888
18 -0.279175
18.5 -0.0979016
19 0.472335
19.5 0.436551
20 1.01416


0 0.336844
0.5 1.06009
1 0.76919
1.5 1.16685
2 0.955172
2.5 0.767302
3 0.853611
3.5 -0.0221865
4 0.544893
4.5 -0.946376
5 0.197581
5.5 -1.70694
6 0.00286197
6.5 -2.07561
7 0.100996
7.5 -1.98096
8 0.526958
8.5 -1.53359
9 1.19238
9.5 -0.975211
10 1.90583
10.5 -0.568564
11 2.42625
11.5 -0.479351
12 2.54379
12.5 -0.711928
13 2.17057
13.5 -1.12784
14 1.39898
14.5 -1.52137
15 0.480799
15.5 -1.70051
16 -0.278412
16.5 -1.5433
17 -0.653849
17.5 -1.03277
18 -0.587654
18.5 -0.275909
19 -0.188256
19.5 0.509651
20 0.336844


0 0.576214
0.5 0.208742
1 1.12705
1.5 0.69591
2 1.18933
2.5 0.989039
3 0.705755
3.5 1.02055
4 -0.192104
4.5 0.838957
5 -1.22844
5.5 0.586822
6 -2.08628
6.5 0.444739
7 -2.5275
7.5 0.561635
8 -2.48302
8.5 0.996273
9 -2.07534
9.5 1.68681
10 -1.55786
10.5 2.45408
11 -1.19257
11.5 3.04289
12 -1.127
12.5 3.20696
13 -1.34013
13.5 2.82079
14 -1.68011
14.5 1.96175
15 -1.95168
15.5 0.897118
16 -1.99051
16.5 -0.0334338
17 -1.70201
17.5 -0.570636
18 -1.08461
18.5 -0.631154
19 -0.251111
19.5 -0.305936
20 0.576214


0 -0.462881
0.5 0.683679
1 0.042692
1.5 1.22101
2 0.608414
2.5 1.20479
3 1.05026
3.5 0.590266
4 1.26522
4.5 -0.465625
5 1.25924
5.5 -1.65682
6 1.14036
6.5 -2.64206
7 1.07534
7.5 -3.17377
8 1.22492
8.5 -3.19125
9 1.67929
9.5 -2.83693
10 2.4104
10.5 -2.38028
11 3.25226
11.5 -2.07841
12 3.92759
12.5 -2.04886
13 4.14061
13.5 -2.23262
14 3.71874
14.5 -2.45984
15 2.72502
15.5 -2.55206
16 1.45234
16.5 -2.38563
17 0.287421
17.5 -1.90564
18 -0.466029
18.5 -1.134
19 -0.693076
19.5 -0.194094
20 -0.462881


0 -0.0893716
0.5 -0.675852
1 0.84784
1.5 -0.173641
2 1.34877
2.5 0.507476
3 1.20345
3.5 1.15868
4 0.390452
4.5 1.62837
5 -0.893363
5.5 1.86508
6 -2.29842
6.5 1.93109
7 -3.45195
7.5 1.97588
8 -4.09845
8.5 2.1773
9 -4.19458
9.5 2.66791
10 -3.91375
10.5 3.46274
11 -3.54651
11.5 4.40884
12 -3.33804
12.5 5.19436
13 -3.35875
13.5 5.45579
14 -3.4949
14.5 4.96158
15 -3.55373
15.5 3.76321
16 -3.38383
16.5 2.19424
17 -2.92057
17.5 0.706524
18 -2.16552
18.5 -0.338243
19 -1.1749
19.5 -0.785201
20 -0.0893716


0 -0.925311
0.5 0.0853359
1 -0.968205
1.5 1.0899
2 -0.455885
2.5 1.51744
3 0.397138
3.5 1.16813
4 1.34584
4.5 0.0598806
5 2.17095
5.5 -1.54991
6 2.74304
6.5 -3.25006
7 3.06399
7.5 -4.62736
8 3.26256
8.5 -5.42165
9 3.54238
9.5 -5.62025
10 4.09377
10.5 -5.44262
11 4.98672
11.5 -5.20567
12 6.07889
12.5 -5.13098
13 7.00489
13.5 -5.2173
14 7.30826
14.5 -5.274
15 6.68389
15.5 -5.08094
16 5.17779
16.5 -4.52974
17 3.18653
17.5 -3.64073
18 1.25219
18.5 -2.49476
19 -0.187128
19.5 -1.19703
20 -0.925311


0 -1.18356
0.5 -1.13991
1 0.361831
1.5 -1.37223
2 1.43803
2.5 -0.823368
3 1.7335
3.5 0.287408
4 1.06986
4.5 1.66128
5 -0.471982
5.5 2.98379
6 -2.54494
6.5 4.01925
7 -4.65176
7.5 4.6901
8 -6.32793
8.5 5.10164
9 -7.31502
9.5 5.49686
10 -7.65043
10.5 6.14553
11 -7.61975
11.5 7.18719
12 -7.57132
12.5 8.48389
13 -7.68427
13.5 9.58824
14 -7.85078
14.5 9.91619
15 -7.77454
15.5 9.07167
16 -7.20496
16.5 7.10686
17 -6.10126
17.5 4.51386
18 -4.60521
18.5 1.95989
19 -2.90799
19.5 -0.0156484
20 -1.18356


0 0.167779
0.5 -1.10773
1 -1.46805
1.5 0.785175
2 -1.9322
2.5 1.92918
3 -1.29922
3.5 2.00068
4 0.198656
4.5 0.860861
5 2.182
5.5 -1.31171
6 4.20178
6.5 -4.0393
7 5.87706
7.5 -6.70574
8 7.02651
8.5 -8.78242
9 7.73087
9.5 -10.024
10 8.29347
10.5 -10.5459
11 9.09352
11.5 -10.7265
12 10.3578
12.5 -10.9491
13 11.9399
13.5 -11.3206
14 13.2685
14.5 -11.5777
15 13.5848
15.5 -11.2809
16 12.3817
16.5 -10.1497
17 9.73795
17.5 -8.24816
18 6.2884
18.5 -5.89054
19 2.87349
19.5 -3.42054
20 0.167779


0 -4.04688
0.5 0.345666
1 -0.927956
1.5 -1.96675
2 1.41874
2.5 -2.70827
3 2.61107
3.5 -1.90981
4 2.31641
4.5 0.168677
5 0.463931
5.5 3.02677
6 -2.61956
6.5 6.02455
7 -6.26839
7.5 8.58266
8 -9.70373
8.5 10.3851
9 -12.3185
9.5 11.4903
10 -13.8993
10.5 12.2937
11 -14.6801
11.5 13.3253
12 -15.1665
12.5 14.9193
13 -15.7763
13.5 16.8977
14 -16.4985
14.5 18.5035
15 -16.8454
15.5 18.7404
16 -16.1878
16.5 16.9679
17 -14.2216
17.5 13.3253
18 -11.1712
18.5 8.65815
19 -7.59513
19.5 4.04642
20 -4.04688


0 5.54247
0.5 -4.79777
1 0.485943
1.5 -0.580739
2 -2.71849
2.5 2.35099
3 -3.78142
3.5 3.54425
4 -2.683
4.5 2.66555
5 0.263869
5.5 -0.243857
6 4.37737
6.5 -4.63551
7 8.74676
7.5 -9.57605
8 12.5219
8.5 -14.0662
9 15.2137
9.5 -17.4053
10 16.8663
10.5 -19.4428
11 18.015
11.5 -20.588
12 19.3962
12.5 -21.518
13 21.4741
13.5 -22.6775
14 23.9993
14.5 -23.868
15 25.9399
15.5 -24.2823
16 25.9779
16.5 -23.0424
17 23.3173
17.5 -19.8386
18 18.2129
18.5 -15.1386
19 11.8177
19.5 -9.8447
20 5.54247


0 -12.7984
0.5 7.43581
1 -5.67542
1.5 0.533703
2 0.0294338
2.5 -3.84154
3 3.70443
3.5 -5.2594
4 4.80364
4.5 -3.64412
5 3.00988
5.5 0.596734
6 -1.45586
6.5 6.51039
7 -7.71751
7.5 12.8022
8 -14.4636
8.5 18.2535
9 -20.3986
9.5 22.1546
10 -24.7144
10.5 24.5544
11 -27.3719
11.5 26.1976
12 -29.0358
12.5 28.1025
13 -30.6102
13.5 30.8849
14 -32.5451
14.5 34.1581
15 -34.3505
15.5 36.4886
16 -34.7687
16.5 36.1258
17 -32.6018
17.5 32.0993
18 -27.571
18.5 24.865
19 -20.5083
19.5 16.0217
20 -12.7984


0 21.6017
0.5 -16.6559
1 9.80955
1.5 -6.66556
2 0.398961
2.5 1.04446
3 -5.50418
3.5 5.64729
4 -7.28379
4.5 6.47902
5 -4.80821
5.5 3.27103
6 1.35303
6.5 -3.47316
7 9.8443
7.5 -12.3977
8 18.8278
8.5 -21.6606
9 26.585
9.5 -29.5722
10 32.129
10.5 -35.207
11 35.5494
11.5 -38.713
12 37.9014
12.5 -41.1215
13 40.5852
13.5 -43.6305
14 44.3852
14.5 -46.6521
15 48.6731
15.5 -49.2497
16 51.4327
16.5 -49.5374
17 50.3371
17.5 -45.9123
18 44.2322
18.5 -38.1941
19 33.907
19.5 -27.7556
20 21.6017


0 -37.5101
0.5 28.9872
1 -21.6641
1.5 12.7517
2 -7.72506
2.5 -0.0612679
3 2.67283
3.5 -7.94387
4 8.40856
4.5 -10.0378
5 8.6729
5.5 -6.16598
6 3.30288
6.5 2.83355
7 -6.76067
7.5 15.0092
8 -19.4645
8.5 27.757
9 -32.2273
9.5 38.6829
10 -42.8393
10.5 46.4577
11 -50.2587
11.5 51.2738
12 -54.9345
12.5 54.6437
13 -58.4178
13.5 58.4795
14 -62.28
14.5 63.7389
15 -66.8133
15.5 69.3887
16 -70.4088
16.5 72.5762
17 -70.3117
17.5 70.2137
18 -64.4181
18.5 60.9738
19 -52.7611
19.5 46.1793
20 -37.5101


0 62.8085
0.5 -50.603
1 38.731
1.5 -28.1248
2 16.3472
2.5 -8.76257
3 -1.06897
3.5 5.21781
4 -11.493
4.5 12.2968
5 -13.7541
5.5 11.4937
6 -7.65947
6.5 2.84794
7 5.518
7.5 -12.0311
8 22.9498
8.5 -30.083
9 40.9547
9.5 -47.7021
10 56.2302
10.5 -61.9998
11 67.0331
11.5 -71.8377
12 73.7629
12.5 -78.1375
13 78.5976
13.5 -83.1787
14 84.1283
14.5 -88.9933
15 91.4656
15.5 -95.6134
16 98.9214
16.5 -100.43
17 102.453
17.5 -99.4979
18 97.9782
18.5 -90.1093
19 84.0445
19.5 -72.6998
20 62.8085


0 -99.9412
0.5 85.3006
1 -68.1268
1.5 51.5396
2 -36.399
2.5 20.6623
3 -9.60931
3.5 -2.96252
4 9.11643
4.5 -16.6133
5 17.7234
5.5 -18.721
6 15.0404
6.5 -9.14127
7 1.46889
7.5 10.162
8 -20.3699
8.5 35.077
9 -45.9699
9.5 60.4127
10 -70.3143
10.5 81.6527
11 -89.6378
11.5 96.5661
12 -102.76
12.5 105.928
13 -111.329
13.5 112.875
14 -118.633
14.5 120.887
15 -127.254
15.5 131.162
16 -136.731
16.5 140.98
17 -142.984
17.5 144.616
18 -140.452
18.5 136.71
19 -125.724
19.5 115.793
20 -99.9412


0 159.42
0.5 -137.092
1 115.664
1.5 -91.5117
2 68.3085
2.5 -46.9084
3 25.72
3.5 -9.97522
4 -6.24989
4.5 14.9931
5 -23.9399
5.5 25.2291
6 -25.284
6.5 19.3721
7 -10.3077
7.5 -1.55781
8 17.9441
8.5 -33.4217
9 53.4903
9.5 -69.6492
10 89.0336
10.5 -103.29
11 118.444
11.5 -129.462
12 138.94
12.5 -147.056
13 151.934
13.5 -158.814
14 161.932
14.5 -169.406
15 173.562
15.5 -182.042
16 187.96
16.5 -195.394
17 200.812
17.5 -203.241
18 204.046
18.5 -197.845
19 190.671
19.5 -175.025
20 159.42


0 -243.172
0.5 219.281
1 -187.664
1.5 156.566
2 -122.621
2.5 90.1616
3 -60.1291
3.5 31.4576
4 -9.38428
4.5 -11.6839
5 23.732
5.5 -34.3393
6 35.5147
6.5 -33.838
7 24.4537
7.5 -10.5913
8 -7.40572
8.5 30.6859
9 -53.6658
9.5 81.3045
10 -104.823
10.5 131.039
11 -151.294
11.5 171.631
12 -186.794
12.5 199.713
13 -210.491
13.5 217.741
14 -226.753
14.5 232.153
15 -242.125
15.5 249.031
16 -260.477
16.5 269.171
17 -279.029
17.5 285.841
18 -288.475
18.5 287.707
19 -278.179
19.5 265.748
20 -243.172


0 370.066
0.5 -337.234
1 301.29
1.5 -256.375
2 211.543
2.5 -163.868
3 118.494
3.5 -76.5713
4 37.6617
4.5 -7.07998
5 -20.3672
5.5 36.575
6 -48.9811
6.5 49.4705
7 -44.8007
7.5 30.0609
8 -8.99008
8.5 -17.9493
9 51.1838
9.5 -84.8232
10 123.127
10.5 -156.91
11 192.562
11.5 -221.061
12 248.445
12.5 -269.264
13 286.848
13.5 -301.314
14 311.877
14.5 -323.969
15 332.68
15.5 -346.277
16 357.135
16.5 -372.724
17 385.21
17.5 -398.171
18 406.55
18.5 -408.907
19 405.335
19.5 -390.478
20 370.066


0 -547.264
0.5 514.816
1 -466.877
1.5 413.463
2 -349.55
2.5 285.261
3 -218.363
3.5 155.012
4 -96.7382
4.5 43.8658
5 -1.88863
5.5 -33.8989
6 55.251
6.5 -69.426
7 68.1999
7.5 -58.5521
8 35.621
8.5 -3.79908
9 -36.1453
9.5 83.7021
10 -132.457
10.5 185.753
11 -233.827
11.5 282.496
12 -322.308
12.5 359.277
13 -387.811
13.5 411.738
14 -431.33
14.5 446.549
15 -463.092
15.5 476.605
16 -495.448
16.5 511.95
17 -533.289
17.5 550.893
18 -567.753
18.5 577.729
19 -578.884
19.5 570.516
20 -547.264


0 802.187
0.5 -765.879
1 715.397
1.5 -645.295
2 566.645
2.5 -475.645
3 383.859
3.5 -290.082
4 201.766
4.5 -121.048
5 49.1972
5.5 7.9762
6 -54.5743
6.5 82.1454
7 -97.7294
7.5 93.0259
8 -75.317
8.5 39.9521
9 7.80619
9.5 -66.6104
10 134.708
10.5 -204.857
11 279.186
11.5 -347.121
12 413.728
12.5 -469.044
13 519.05
13.5 -558.109
14 590.697
14.5 -617.432
15 639.227
15.5 -662.208
16 682.681
16.5 -709.083
17 733.592
17.5 -762.863
18 787.285
18.5 -808.916
19 820.221
19.5 -818.519
20 802.187


0 -1155.97
0.5 1126.71
1 -1070.32
1.5 992.961
2 -890.472
2.5 775.473
3 -645.935
3.5 515.371
4 -384.073
4.5 261.166
5 -149.704
5.5 52.1462
6 25.1911
6.5 -85.659
7 120.518
7.5 -136.555
8 125.459
8.5 -94.9517
9 40.8418
9.5 30.4133
10 -116.491
10.5 213.963
11 -314.331
11.5 418.11
12 -513.605
12.5 604.902
13 -681.442
13.5 749.194
14 -802.621
14.5 847.073
15 -883.792
15.5 914.918
16 -947.212
16.5 977.751
17 -1015
17.5 1050.8
18 -1090.93
18.5 1124.3
19 -1151.56
19.5 1163.36
20 -1155.97


0 1648.41
0.5 -1630.62
1 1580.73
1.5 -1493.71
2 1376.52
2.5 -1226.87
3 1059.66
3.5 -875.407
4 690.273
4.5 -506.683
5 335.953
5.5 -182.473
6 50.2274
6.5 53.7126
7 -131.755
7.5 174.775
8 -189.29
8.5 167.091
9 -116.573
9.5 34.3785
10 71.3585
10.5 -196.768
11 336.133
11.5 -479.103
12 624.044
12.5 -757.723
13 882.971
13.5 -988.54
14 1080.46
14.5 -1153.52
15 1214.29
15.5 -1265.01
16 1309.42
16.5 -1355.18
17 1400.25
17.5 -1453
18 1504.61
18.5 -1559.46
19 1604.38
19.5 -1637.94
20 1648.41


0 -2327.67
0.5 2333.28
1 -2297.48
1.5 2215.13
2 -2081.78
2.5 1905.8
3 -1687.71
3.5 1445.71
4 -1183.92
4.5 922.147
5 -665.805
5.5 429.107
6 -218.35
6.5 39.4865
7 99.3193
7.5 -199.291
8 250.806
8.5 -260.131
9 219.362
9.5 -137.937
10 13.8996
10.5 142.228
11 -324.205
11.5 523.168
12 -726.088
12.5 928.456
13 -1114.96
13.5 1286.85
14 -1432.1
14.5 1556.96
15 -1656.89
15.5 1740.17
16 -1810.6
16.5 1873.98
17 -1939.2
17.5 2005.17
18 -2079.95
18.5 2153.55
19 -2228.18
19.5 2287.69
20 -2327.67


